=== Pesos Iniciais ===

--- Camada 1 (oculta, 20 neuronios) ---
Neuronio 1: bias=0.000000 | pesos=[-0.131249, 0.005065, 0.257202, -0.109149, -0.069147, -0.126624, -0.045387, -0.151401, 0.135600, 0.151745, 0.072345, -0.199963, -0.216864, 0.090699, -0.171846, -0.193246, 0.224672, 0.112327, -0.133568, -0.034903, 0.257568, 0.109617, 0.229607, 0.166816, -0.102012, 0.094140, 0.039235, -0.097328, 0.125134, 0.165907, -0.222634, -0.141606, 0.143377, -0.051699, 0.261675, -0.130437, -0.067141, -0.221032, 0.234428, 0.203144, 0.101509, -0.264482, 0.048787, -0.000372, -0.091281, 0.146529, -0.020707, -0.210003, 0.209305, -0.264954, 0.015533, -0.085661, 0.204083, -0.201904, -0.133771, -0.058402, 0.219423, 0.146690, -0.112367, 0.186123, 0.247822, -0.051425, -0.077595]
Neuronio 2: bias=0.000000 | pesos=[-0.130820, -0.111539, 0.072842, -0.204075, -0.258109, 0.221483, -0.059525, 0.201599, -0.158206, 0.213242, 0.108259, 0.037843, -0.266477, -0.041708, -0.130983, -0.164902, 0.065352, 0.193299, -0.062640, 0.040529, -0.067857, 0.036313, -0.003836, 0.070058, 0.169904, 0.043656, 0.053816, 0.174610, -0.234921, -0.247519, 0.218509, -0.063073, 0.211777, -0.023093, -0.206434, -0.244681, -0.199415, 0.265230, -0.165235, -0.022587, 0.240535, 0.156276, 0.133101, 0.153789, 0.176940, -0.157085, 0.071199, 0.079178, -0.146871, 0.017596, -0.156686, 0.199548, -0.178049, 0.095250, 0.217858, 0.240706, 0.121899, 0.209870, -0.088553, 0.090045, 0.179044, -0.021223, -0.146788]
Neuronio 3: bias=0.000000 | pesos=[0.227453, -0.031038, 0.244317, -0.262364, 0.257154, 0.118395, 0.178457, -0.021191, -0.255614, 0.069117, -0.039546, -0.079973, 0.228689, -0.000378, 0.055136, 0.172166, -0.036864, -0.056333, 0.009652, 0.035461, -0.036881, 0.079266, 0.052354, -0.186933, -0.110741, -0.129502, 0.013399, 0.083276, 0.113260, -0.170372, 0.121504, -0.112415, 0.195423, 0.023680, 0.249945, 0.256558, 0.057038, 0.209368, -0.147736, -0.000899, 0.040762, -0.072703, 0.119103, 0.263055, 0.238812, 0.120879, -0.148076, 0.000422, -0.132700, 0.116790, -0.181467, 0.216040, -0.016161, -0.251602, -0.201451, -0.096188, -0.193819, 0.258225, 0.129506, 0.064382, -0.076159, -0.249839, 0.156429]
Neuronio 4: bias=0.000000 | pesos=[-0.101185, -0.228101, -0.263048, 0.133192, 0.076022, -0.132536, -0.181531, -0.176119, 0.084565, 0.198655, -0.117927, -0.153975, 0.182098, -0.004891, -0.025379, 0.146502, 0.201754, -0.006546, 0.072353, -0.118483, 0.207477, -0.041356, 0.020034, 0.061992, -0.111367, 0.121485, 0.109395, -0.224967, 0.216906, -0.170977, -0.039400, -0.091024, 0.031758, -0.077752, 0.190083, 0.249168, 0.055087, 0.264955, -0.037023, -0.124169, 0.261012, 0.203139, 0.118963, -0.163886, -0.249979, -0.064913, -0.065353, 0.243189, -0.084888, -0.090860, 0.258314, -0.112175, 0.157790, 0.193826, 0.254936, 0.264677, 0.112739, -0.060515, 0.010399, 0.047072, 0.161038, -0.133361, 0.081316]
Neuronio 5: bias=0.000000 | pesos=[-0.216900, 0.056422, 0.123312, 0.048823, -0.089571, -0.132736, -0.041842, 0.082570, 0.228453, 0.126206, 0.267545, 0.125129, -0.183882, 0.077965, -0.268716, 0.188193, -0.046739, 0.149237, -0.060310, -0.172224, -0.018009, 0.190923, -0.257194, -0.001284, 0.030902, -0.091371, -0.249411, -0.000967, -0.097642, 0.261434, 0.116383, -0.177762, 0.026090, -0.233712, -0.028256, -0.126367, 0.200543, -0.011675, -0.166454, 0.105062, 0.197230, 0.028392, 0.258130, 0.268630, -0.224069, -0.150618, -0.073070, -0.191949, 0.209353, 0.212287, 0.048467, 0.058424, 0.228846, 0.066340, 0.018738, 0.094437, 0.251635, 0.100223, -0.098595, -0.061240, 0.016994, -0.082293, 0.249755]
Neuronio 6: bias=0.000000 | pesos=[-0.104113, 0.007733, 0.242094, 0.263132, -0.143057, -0.096262, 0.159247, 0.246446, 0.206530, 0.117167, -0.061431, 0.057739, -0.259072, -0.005565, -0.096722, -0.139504, -0.162956, -0.225195, 0.050324, -0.215471, 0.122510, 0.243518, -0.021874, -0.030736, -0.060091, 0.088162, -0.264933, 0.055639, 0.267312, -0.080641, 0.087262, 0.047082, 0.186660, -0.244721, -0.114058, 0.179178, 0.205446, -0.042282, 0.085349, 0.259338, 0.015803, 0.063158, 0.151261, 0.081684, 0.151942, 0.131944, -0.037687, -0.046622, -0.155534, -0.134087, 0.068133, -0.111217, 0.090037, -0.114506, 0.013105, 0.110668, 0.265480, 0.154639, -0.187646, 0.025811, -0.200689, -0.107991, 0.106759]
Neuronio 7: bias=0.000000 | pesos=[0.076818, 0.184782, 0.029974, -0.016851, -0.082987, -0.090293, -0.000209, 0.253578, -0.116770, 0.194953, 0.103392, 0.100252, -0.097347, -0.111733, -0.121289, -0.153981, 0.145848, -0.087998, -0.230734, -0.150309, 0.249132, -0.129980, -0.145556, 0.049881, -0.205294, 0.257699, -0.243647, 0.115686, -0.117380, 0.076967, -0.222112, -0.250512, 0.008590, 0.231624, 0.110204, 0.011773, 0.012950, -0.016404, 0.079423, 0.040059, 0.268572, -0.227245, 0.148490, 0.003693, 0.229921, 0.102279, -0.176893, 0.237886, -0.215580, 0.145100, 0.000909, -0.085097, -0.256397, 0.188282, -0.100640, 0.160940, -0.156992, -0.122064, 0.085790, -0.028211, -0.132755, -0.223295, -0.234666]
Neuronio 8: bias=0.000000 | pesos=[-0.267138, 0.144399, -0.160663, -0.158204, 0.253517, 0.099651, -0.015992, 0.224212, 0.104024, 0.165449, 0.213233, -0.256100, 0.122960, 0.244259, -0.017152, 0.090748, -0.221325, -0.116626, 0.264813, 0.181726, 0.115496, -0.205842, -0.141809, -0.026090, 0.261786, 0.253906, -0.254317, 0.037573, 0.218999, 0.131319, 0.051794, 0.110795, -0.161759, -0.157876, 0.136444, 0.070626, 0.234188, -0.212255, 0.194861, 0.240417, -0.179472, 0.233840, 0.056586, 0.247064, -0.089692, 0.217307, -0.064230, -0.001267, -0.062670, -0.032258, 0.058994, -0.127830, 0.214952, 0.178951, -0.166299, -0.053295, -0.139044, 0.211319, 0.193372, 0.029610, -0.044817, -0.138637, -0.066948]
Neuronio 9: bias=0.000000 | pesos=[-0.244674, 0.229335, 0.046852, -0.062989, 0.188227, -0.234519, 0.144180, -0.158082, 0.219411, -0.034314, -0.125149, -0.044775, -0.077595, 0.052636, -0.078363, -0.235755, 0.268785, -0.015431, 0.241872, -0.137053, -0.182042, -0.179198, 0.105282, -0.143841, 0.170423, -0.041286, -0.212940, -0.221124, 0.127513, 0.073067, 0.101041, 0.223167, -0.105259, 0.247084, 0.133276, 0.038416, 0.120480, 0.254326, 0.152736, -0.108877, 0.068039, -0.151075, -0.097808, 0.211184, -0.160767, -0.178236, -0.213478, -0.218768, 0.095358, 0.025766, 0.124408, 0.078036, 0.161339, 0.260697, -0.053254, -0.184496, 0.228337, 0.156244, -0.186395, -0.012596, 0.187634, -0.140900, 0.072804]
Neuronio 10: bias=0.000000 | pesos=[-0.189683, -0.096577, 0.056146, -0.233357, -0.229670, 0.040554, -0.002595, 0.119670, 0.140509, -0.158575, -0.248421, -0.063979, 0.249039, 0.152372, -0.165930, -0.055080, -0.096126, -0.121137, -0.223855, 0.219867, 0.037455, -0.050088, 0.244357, -0.228895, 0.225411, 0.049823, -0.194596, -0.129463, -0.231455, -0.201488, -0.011481, 0.143303, 0.100987, -0.120239, 0.160236, -0.119203, 0.156055, 0.268359, -0.217020, 0.069602, 0.075184, -0.238811, 0.032338, -0.047135, -0.071319, -0.045435, -0.105305, 0.123877, -0.189968, -0.180493, -0.152579, -0.209808, 0.258688, 0.204874, 0.267144, -0.057403, -0.102478, 0.105405, -0.091603, 0.204433, 0.017549, 0.089553, -0.176794]
Neuronio 11: bias=0.000000 | pesos=[0.257837, 0.258669, -0.121655, 0.260300, 0.252162, -0.190580, 0.078931, 0.208027, 0.187682, 0.189220, 0.078360, -0.184322, -0.139678, -0.052832, -0.238798, 0.231064, 0.201145, -0.190659, 0.003064, -0.084488, 0.013900, 0.023817, 0.137893, -0.250606, 0.236608, 0.073637, -0.229423, -0.219575, -0.136934, -0.049378, 0.180154, -0.150172, -0.174303, -0.003116, 0.227157, -0.246929, -0.194281, 0.064778, -0.013866, 0.155382, -0.142075, 0.082695, -0.241890, -0.168171, 0.075021, -0.252677, 0.171239, -0.099903, 0.129713, 0.266116, 0.115170, 0.136624, 0.061457, 0.254710, -0.266590, 0.208299, 0.098417, -0.171749, -0.207811, 0.092011, 0.132845, 0.088451, 0.117200]
Neuronio 12: bias=0.000000 | pesos=[0.153460, -0.140105, 0.189696, -0.123065, 0.233690, -0.201413, -0.067161, -0.267917, -0.093891, 0.230298, 0.257606, 0.143561, 0.023067, -0.168553, -0.216326, -0.011555, 0.023995, 0.092621, -0.266341, 0.038951, 0.134282, -0.094214, 0.155264, 0.115000, 0.239346, 0.237069, -0.159402, 0.130027, -0.149350, -0.150993, 0.014679, -0.079085, 0.178379, 0.041765, 0.217422, -0.088937, 0.128533, 0.135349, 0.143974, -0.188229, 0.124028, 0.158159, -0.012960, -0.261165, -0.183649, 0.193986, -0.026626, 0.123383, 0.081557, -0.234968, 0.236318, -0.120291, 0.188090, 0.115947, 0.238859, 0.192670, 0.243796, 0.268530, 0.176856, -0.205108, -0.143658, 0.211404, 0.070131]
Neuronio 13: bias=0.000000 | pesos=[0.212890, -0.265067, -0.087862, -0.137987, -0.205640, 0.103041, -0.209158, 0.031313, 0.102945, 0.118764, 0.220876, -0.268800, -0.162209, -0.162322, -0.136800, -0.060795, 0.091972, -0.105300, 0.172632, 0.133427, 0.249300, 0.185725, -0.133342, 0.160348, 0.054475, -0.160117, -0.084749, -0.147855, -0.107345, 0.117186, -0.008489, -0.072108, -0.208847, -0.188476, 0.214719, -0.096423, -0.017566, 0.147694, -0.069595, 0.144850, 0.174971, -0.079382, -0.199101, 0.231104, 0.104248, -0.142469, 0.143666, -0.067883, -0.182234, 0.113331, 0.090927, 0.023050, 0.260175, 0.188963, -0.070848, 0.009157, -0.160863, -0.084335, 0.096915, 0.038620, 0.206124, 0.092331, 0.018349]
Neuronio 14: bias=0.000000 | pesos=[-0.050843, 0.216645, 0.253937, -0.141386, 0.042052, -0.193037, 0.139166, 0.152808, 0.159352, -0.059507, 0.235024, 0.211189, 0.115713, 0.019151, 0.007288, -0.092149, -0.128462, 0.008650, 0.208070, -0.132210, 0.232578, -0.071154, 0.109907, 0.202842, -0.221072, -0.165948, 0.143665, 0.160251, -0.132939, 0.231941, 0.235094, 0.257169, 0.209126, -0.219092, -0.014243, -0.141474, 0.085810, 0.217510, -0.236741, 0.249738, 0.091056, 0.217832, -0.245634, 0.039843, -0.127123, 0.251330, 0.035713, 0.037431, 0.000661, 0.038003, 0.179878, -0.057105, -0.072026, -0.265554, 0.237057, 0.033676, -0.050432, 0.119184, 0.074426, 0.048322, -0.166175, -0.185078, 0.104220]
Neuronio 15: bias=0.000000 | pesos=[0.025014, -0.160538, -0.092322, -0.075104, 0.102644, -0.006273, 0.180384, -0.183249, 0.084352, -0.215096, -0.245346, 0.019552, 0.141994, 0.242913, 0.250515, -0.041009, -0.037030, 0.124422, 0.011115, 0.215518, 0.154079, 0.232514, -0.161085, 0.150525, 0.167539, -0.215027, -0.031437, -0.111899, 0.265298, 0.045586, -0.263103, 0.028749, 0.126893, 0.172794, 0.151155, -0.147482, -0.049530, 0.142125, 0.187121, -0.131363, 0.001898, 0.258482, -0.170424, 0.235411, -0.213538, -0.267187, -0.093690, 0.160984, -0.020438, 0.093646, 0.120096, 0.084376, 0.033589, -0.015052, 0.065972, -0.084077, 0.020228, -0.154013, 0.197060, -0.085950, -0.118404, 0.209668, -0.164170]
Neuronio 16: bias=0.000000 | pesos=[0.242968, 0.091269, -0.229937, 0.203352, -0.240270, 0.004138, 0.236028, -0.176829, -0.024766, 0.190444, -0.186152, -0.115385, 0.106409, 0.112563, -0.168508, 0.128079, -0.201611, 0.004446, -0.161036, -0.226832, -0.136877, 0.134441, -0.114319, -0.087118, -0.021157, -0.040962, -0.217069, 0.023696, 0.076823, 0.181711, -0.247044, 0.154325, -0.210204, -0.267074, -0.201966, -0.149953, 0.205458, 0.008522, -0.126522, -0.198263, -0.171635, 0.257286, -0.215892, 0.002275, 0.210257, 0.001599, -0.030377, 0.198877, 0.265658, -0.190472, -0.015342, 0.004856, 0.188972, 0.113882, 0.045093, -0.242604, -0.071667, 0.051316, 0.008166, 0.227075, -0.028081, -0.221302, -0.241323]
Neuronio 17: bias=0.000000 | pesos=[0.267942, 0.021722, -0.039690, 0.255159, 0.067925, 0.231721, 0.091412, -0.162436, 0.024962, 0.003843, -0.138533, -0.225423, -0.060059, -0.037743, 0.138348, -0.209466, -0.256235, -0.247569, -0.048695, -0.008741, 0.035194, 0.238802, -0.186596, 0.191028, -0.171897, 0.034606, -0.236224, -0.180252, 0.006846, 0.032926, -0.128805, -0.131820, 0.128196, 0.152963, 0.080937, -0.046056, 0.022837, 0.113300, 0.164723, 0.098224, 0.102449, 0.187947, -0.038357, 0.217587, 0.061917, -0.070411, 0.217950, -0.036332, -0.236457, 0.093555, 0.076589, -0.034126, 0.154316, -0.032523, 0.170840, -0.127930, -0.120967, 0.095259, -0.193815, 0.239053, -0.078785, 0.261939, 0.020593]
Neuronio 18: bias=0.000000 | pesos=[-0.085791, 0.084137, 0.250126, 0.145039, -0.013834, 0.018077, 0.022267, -0.142500, -0.262238, 0.225733, 0.180025, 0.008857, -0.085999, 0.066929, 0.214310, -0.204231, -0.024052, 0.232293, 0.178671, 0.192551, 0.168871, 0.038226, -0.201611, 0.247559, 0.191061, -0.225143, 0.192713, -0.107431, 0.246146, -0.032985, 0.019664, 0.007296, 0.227133, -0.259455, -0.225061, -0.027438, 0.247486, 0.209996, 0.171991, 0.257192, 0.206374, 0.251715, 0.039170, -0.113328, 0.179672, 0.031708, -0.089340, 0.179506, 0.051289, 0.049755, 0.222811, 0.014274, -0.036082, -0.089120, -0.069027, 0.251214, 0.151949, -0.184414, -0.179151, -0.203415, 0.105816, -0.154293, -0.024490]
Neuronio 19: bias=0.000000 | pesos=[-0.157519, -0.073953, 0.132077, -0.129716, -0.149419, -0.192840, 0.176870, -0.219085, 0.002228, 0.198377, 0.168423, 0.036260, 0.083933, -0.056022, 0.189767, 0.078446, -0.213045, 0.078260, -0.210357, 0.037379, -0.081253, 0.080532, 0.008784, -0.192042, -0.257115, -0.031266, 0.100766, 0.141232, 0.172540, 0.244027, 0.137177, -0.007291, 0.128904, -0.028122, -0.253017, -0.198940, 0.082248, 0.191595, -0.145907, 0.103819, 0.079898, 0.070362, -0.065359, -0.156454, -0.122833, 0.267734, 0.099958, 0.171735, 0.043032, 0.189677, -0.242885, 0.211985, -0.055394, 0.037334, 0.045294, 0.183886, 0.025712, -0.165087, -0.222015, -0.022259, -0.256683, -0.065113, -0.113107]
Neuronio 20: bias=0.000000 | pesos=[-0.215495, -0.094367, -0.165646, 0.031018, 0.216235, 0.209043, 0.251066, -0.198695, -0.255191, -0.021164, -0.178673, -0.257577, -0.187229, -0.088626, -0.239806, -0.224902, -0.176713, 0.102538, 0.047241, -0.075905, 0.080956, -0.027552, -0.206483, 0.061251, 0.159913, 0.252406, 0.251377, -0.242724, 0.257630, -0.247026, 0.108757, -0.219892, 0.022284, -0.013640, 0.206235, -0.075740, 0.049508, -0.117412, 0.072734, -0.221562, 0.089108, 0.119781, -0.247686, -0.168496, -0.035126, -0.117584, -0.095028, -0.229645, 0.123634, 0.181817, -0.250203, 0.259695, 0.105333, -0.040947, 0.090616, -0.189243, 0.005648, 0.214697, -0.000905, -0.050105, -0.054408, -0.193350, 0.211200]

--- Camada 2 (saida, 7 neuronios) ---
Neuronio 1: bias=0.000000 | pesos=[-0.293987, 0.376878, 0.408034, 0.267107, -0.419530, 0.177952, -0.019849, -0.184055, -0.300039, 0.120266, -0.307879, 0.264896, 0.075394, -0.159424, -0.206890, -0.008460, -0.191991, -0.178478, -0.316482, -0.393535]
Neuronio 2: bias=0.000000 | pesos=[-0.112227, 0.242065, -0.337167, 0.364086, 0.417089, 0.369868, 0.065997, -0.047903, 0.050039, -0.335586, 0.451761, 0.063800, 0.379441, 0.005525, -0.125456, -0.048590, -0.004067, 0.229621, -0.372104, -0.369995]
Neuronio 3: bias=0.000000 | pesos=[0.220051, 0.384404, -0.244973, -0.161226, -0.321415, 0.401988, -0.253643, 0.384796, 0.160916, -0.361001, 0.213329, 0.061302, 0.054085, -0.118973, -0.412221, 0.461955, 0.443115, 0.450145, -0.393087, 0.187278]
Neuronio 4: bias=0.000000 | pesos=[-0.059632, -0.020327, 0.180816, -0.426553, -0.343384, -0.471083, 0.272140, 0.426470, 0.207402, -0.405041, 0.425176, -0.394455, -0.009932, -0.443899, 0.018214, -0.290696, 0.044423, -0.449272, 0.172680, -0.253829]
Neuronio 5: bias=0.000000 | pesos=[-0.157925, -0.314425, -0.388585, 0.317116, 0.297927, -0.235863, 0.234528, 0.094648, -0.323245, -0.131844, -0.453056, -0.004905, 0.436500, -0.207311, 0.197580, -0.263692, 0.210089, -0.000298, 0.313369, -0.392214]
Neuronio 6: bias=0.000000 | pesos=[-0.199460, -0.215330, -0.353352, -0.087641, -0.306147, 0.141089, 0.137823, -0.291892, 0.185966, 0.464148, -0.335158, -0.002955, 0.271652, 0.447429, 0.344496, -0.003830, -0.333085, 0.448095, 0.382800, -0.209487]
Neuronio 7: bias=0.000000 | pesos=[0.093775, -0.369793, -0.019029, -0.308974, 0.377687, -0.036886, -0.267203, -0.045768, 0.403059, 0.151600, -0.092022, 0.165880, 0.166556, -0.313446, -0.246409, -0.118166, -0.304517, 0.331268, 0.442931, 0.150779]
