=== Pesos Finais ===

--- Camada 1 (oculta, 20 neuronios) ---
Neuronio 1: bias=0.120050 | pesos=[-0.379089, -0.287565, 0.495000, 0.029461, -0.770680, -0.358341, 0.156502, -0.234588, 0.599908, -0.289180, 0.479727, 0.384149, 0.390058, -0.184640, 0.134704, -0.221109, -0.031539, 0.563197, 0.103690, -0.449817, 0.003840, 0.257147, 0.141197, 0.353984, -0.207522, 0.302667, -0.251846, -0.057706, 0.085375, -0.221813, 0.189128, -0.506252, -0.309154, -0.024854, -0.080225, 0.445972, 0.109070, 0.298944, 0.697999, 0.318718, 0.312753, -0.490423, 0.613164, -0.427856, 0.022682, 0.370817, 0.210206, 0.007126, 0.028568, -0.303234, 0.266124, 0.055897, 0.028323, 0.024508, 0.275719, -0.135329, 0.043732, -0.322881, -0.434434, -0.618294, -0.275699, 0.461566, 0.197910]
Neuronio 2: bias=-0.056461 | pesos=[-0.117603, 0.380126, -0.161609, 0.015582, -0.189191, -0.052340, -0.428444, 0.068481, -0.802451, 0.051616, 0.185045, -0.237613, -0.034172, 0.229324, -0.550962, 0.086629, 0.196214, -0.103601, -0.290089, 0.205198, 0.447129, -0.376921, 0.026092, 0.046705, -0.151305, 0.263355, 0.224414, 0.322287, -0.341610, -0.336156, 0.205794, 0.022071, 0.214422, 0.176255, 0.103565, -0.156565, 0.128534, 0.342610, -0.126962, 0.147503, 0.072539, 0.693297, -0.461852, 0.429907, 0.244687, 0.049197, -0.311779, 0.448463, 0.305335, 0.303868, -0.308486, -0.126762, -0.117789, -0.223618, -0.078082, 0.198183, 0.413171, 0.151123, -0.068137, 0.252570, 0.362406, 0.028899, -0.174284]
Neuronio 3: bias=0.246083 | pesos=[-0.156802, -0.343449, -0.315732, -0.722347, 0.072505, 0.655390, 0.220488, 0.025279, 0.095532, 0.181004, -0.100228, 0.412377, 0.584233, -0.247141, -0.174579, 0.021503, -0.052487, 0.235984, 0.315139, 0.270786, -0.126208, -0.091598, -0.080065, -0.332021, -0.028133, -0.190190, 0.164855, -0.133445, 0.094132, 0.027934, -0.024848, -0.250042, -0.363895, 0.281962, -0.070893, -0.096608, -0.425659, 0.225968, 0.042873, -0.273685, 0.350543, -0.601066, 0.062575, -0.155273, -0.399937, -0.251781, 0.427922, 0.553536, -0.410765, -0.386671, 0.327996, -0.007887, -0.022558, 0.133390, 0.531173, -0.250135, -0.149376, -0.509101, 0.142838, -0.150854, -0.289408, 0.284759, -0.046388]
Neuronio 4: bias=-0.017244 | pesos=[-0.670940, 0.042085, 0.476286, 0.560686, -0.250855, -0.482588, -0.671285, 0.160979, 0.087391, -0.188255, 0.077473, -0.166177, -0.024159, 0.371287, 0.265597, -0.269591, -0.108538, 0.437933, -0.651460, -0.289678, 0.348338, 0.121849, -0.006248, -0.005086, -0.260402, 0.293203, 0.169398, 0.285631, 0.013894, -0.134842, 0.047649, -0.401407, 0.154855, 0.406510, -0.014665, -0.005529, 0.198753, 0.051468, -0.135548, 0.475868, -0.077445, 0.217373, 0.023326, -0.331450, 0.170386, 0.393070, -0.255743, 0.234247, 0.378415, -0.467188, 0.229464, -0.205440, 0.091020, 0.081089, -0.049972, 0.280055, -0.057277, -0.464610, -0.057482, 0.535146, 0.559761, -0.191430, -0.681837]
Neuronio 5: bias=-0.001663 | pesos=[0.433554, 0.478862, 0.123699, -0.364983, 0.313782, 0.044294, 0.628305, 0.165764, 0.499429, -0.040005, -0.345550, 0.217420, 0.479019, -0.737452, 0.619371, 0.309969, 0.138242, -0.300425, 0.386111, 0.211665, -0.857539, 0.412342, 0.125697, -0.368076, -0.326779, -0.514351, -0.526042, -0.175436, 0.150576, 0.211885, -0.171448, 0.135892, -0.456076, -0.734819, 0.117108, 0.056837, 0.002368, -0.260337, 0.034068, -0.601335, -0.346329, -0.383223, 0.028353, 0.074899, -0.424503, -0.230582, -0.038992, -0.586704, -0.302635, 0.284561, 0.017050, 0.105782, -0.171821, 0.080171, 0.604551, -0.485494, 0.045230, 0.601721, 0.317639, -0.347970, -0.127731, -0.171838, 0.421118]
Neuronio 6: bias=0.046467 | pesos=[-0.073930, -0.033001, -0.359691, -0.775973, 0.066946, 1.180563, -0.331483, 0.312266, 0.042776, 0.060288, -0.282820, 0.097502, 0.119209, 0.222512, -0.224383, 0.010574, 0.166932, -0.211517, -0.008073, 0.546715, 0.410132, -0.426089, 0.230839, 0.252944, 0.192167, -0.418582, 0.689828, 0.106307, -0.075870, 0.311579, 0.352373, -0.235054, -0.352663, 0.807774, 0.069381, -0.006893, -0.183519, -0.099223, -0.017077, -0.091325, 0.121077, 0.060510, -0.131846, 0.118400, -0.162446, -0.266097, -0.139635, 0.133856, 0.268256, -0.418742, -0.026262, -0.204762, -0.295396, 0.072853, -0.276314, -0.213019, -0.500262, -0.592707, 0.214350, 0.042045, -0.014024, 0.186317, -0.400549]
Neuronio 7: bias=-0.149960 | pesos=[0.535592, 0.015405, -0.121541, -0.072000, -0.406411, 0.251503, 0.402444, 0.032122, 0.165085, -0.105797, 0.297129, 0.043844, -0.482909, 0.191722, -0.178111, 0.037156, 0.022588, -0.079966, 0.556376, 0.069210, -0.197163, 0.055719, -0.007727, 0.121890, 0.431351, 0.071800, -0.382475, -0.473045, 0.062931, 0.382546, 0.150922, 0.335708, 0.174247, -0.309567, -0.145905, -0.240554, -0.004501, 0.282289, 0.452088, 0.153730, -0.101780, -0.461633, -0.005942, -0.062245, 0.107193, 0.153961, 0.538824, -0.088465, -0.600404, 0.257536, -0.388702, -0.118595, -0.051303, 0.067101, -0.192438, 0.117086, 0.459076, 0.431123, -0.136181, -0.844830, -0.683502, 0.259632, 0.953693]
Neuronio 8: bias=0.171711 | pesos=[0.418408, 0.452492, -0.419428, -0.259110, 0.271397, 0.214528, 0.543114, 0.135354, -0.171911, 0.063613, -0.296581, 0.014071, 0.490116, -0.941351, -0.036020, 0.537706, 0.133691, -0.143022, 0.410678, 0.437071, -0.840602, -0.069571, -0.208461, -0.409009, -0.119550, -0.569398, -0.217893, 0.071792, -0.386298, 0.092019, -0.033727, 0.028621, 0.067932, -0.661550, 0.276995, -0.004009, -0.212214, -0.258072, 0.042326, -0.176809, -0.139040, -0.072545, -0.373606, 0.287458, -0.055436, -0.219696, 0.008694, -0.178662, -0.454794, 0.377720, -0.153282, -0.099021, -0.400854, -0.262329, 0.719661, -0.227654, 0.603697, 0.889979, 0.211036, -0.151927, -0.116640, -0.632192, 0.650418]
Neuronio 9: bias=0.216886 | pesos=[-0.315353, -0.038706, -0.495861, -0.469661, -0.540436, 0.376215, 0.147681, -0.083594, -0.525543, 0.191324, 0.311078, 0.139099, 0.232531, 0.094314, -0.519607, -0.385259, 0.210379, 0.410680, 0.040710, 0.146057, -0.246848, -0.503247, 0.205708, 0.109086, -0.078175, 0.109269, 0.309448, 0.027888, -0.257264, -0.049530, 0.293793, -0.356827, -0.040820, 0.318766, -0.374687, -0.049317, 0.047531, 0.457286, 0.323587, 0.307492, 0.712126, -0.397853, -0.147510, 0.130130, 0.027035, 0.252337, 0.377508, 0.768945, -0.309838, 0.182732, -0.033324, 0.130986, -0.243212, 0.255191, 0.381064, -0.363768, -0.165158, -0.281695, 0.045147, -0.058631, -0.080456, -0.025545, 0.130766]
Neuronio 10: bias=-0.167274 | pesos=[0.016911, 0.238212, 0.276201, 0.244552, 0.259005, -0.321173, -0.014247, -0.184435, 0.263215, 0.062404, -0.258437, -0.115748, -0.121229, 0.046901, 0.088616, -0.079705, -0.259059, -0.034632, -0.295960, -0.556380, 0.256105, 0.471812, -0.300192, 0.144842, 0.213303, 0.209619, -0.503976, 0.297571, -0.004296, -0.325804, -0.293596, 0.191369, 0.013734, -0.320088, 0.374480, 0.254268, 0.104715, -0.171280, -0.331823, -0.237471, -0.295569, 0.103767, 0.380928, -0.066389, -0.224412, -0.180308, -0.100711, -0.659861, 0.229975, 0.177804, -0.029963, -0.100294, 0.368525, -0.337668, -0.190660, 0.320712, 0.059632, 0.478123, 0.287589, 0.193631, 0.334681, -0.170703, 0.114629]
Neuronio 11: bias=-0.130620 | pesos=[0.018985, 0.465323, 0.322263, 0.080342, -0.767689, -0.502252, -0.605139, 0.396860, -0.330149, -0.195745, 0.253641, 0.065780, -0.179545, -0.090421, -0.462740, 0.111185, 0.045264, 0.291871, 0.261477, -0.425952, 0.176830, -0.338652, 0.364485, 0.610537, -0.158382, 0.463892, -0.431601, 0.952473, 0.312726, 0.137145, 0.618983, -0.396836, -0.015580, 0.024866, 0.370137, -0.362660, 0.501163, 0.392996, 0.033744, 0.113060, 0.210586, 0.726497, -0.375780, 0.427148, -0.281085, 0.529251, 0.343729, -0.157499, 0.837374, 0.375655, -0.358631, -0.116671, -0.360920, 0.058119, -0.091703, -0.287693, 0.377884, 0.325435, -0.126986, -0.589220, -0.529180, 0.627182, -0.264585]
Neuronio 12: bias=0.028116 | pesos=[0.170975, 0.301336, -0.167708, -0.432019, 0.013914, -0.305773, -0.294556, 0.230053, 0.184267, -0.289820, 0.068197, 0.533103, 0.944082, -0.809219, -0.100299, 0.252455, -0.049421, 0.263040, 0.130451, 0.049126, 0.016233, 0.077095, 0.550287, 0.122086, -0.374578, -0.737276, 0.044889, 0.349388, -0.144607, 0.295681, 0.072186, -0.682483, -0.631203, -0.071573, 0.382665, 0.163061, -0.286113, 0.006437, 0.318379, -0.189047, -0.190990, 0.314885, -0.478940, 0.200107, -0.172355, -0.045675, 0.041768, 0.142941, 0.154685, -0.160139, 0.009690, -0.063570, -0.148987, 0.281584, 0.428761, -0.408448, 0.030619, 0.120415, 0.204866, -0.114745, -0.519752, -0.251624, -0.274281]
Neuronio 13: bias=0.210950 | pesos=[0.021598, -0.503676, -0.175433, -0.286293, 0.137029, 0.328908, 0.739419, -0.471928, 0.260106, -0.125430, 0.031170, 0.267268, 0.261750, -0.158035, 0.125522, -0.131349, -0.034731, 0.065129, 0.338219, 0.479250, -0.378187, 0.532732, -0.219521, -0.057094, -0.046112, -0.161608, 0.212621, -0.580199, 0.068717, -0.020401, -0.109075, 0.098653, -0.176726, -0.072416, -0.126777, 0.385008, -0.487566, 0.035968, 0.091041, -0.044535, 0.158031, -0.792484, 0.473787, -0.179796, 0.138516, -0.097252, -0.169981, 0.121035, -0.296658, -0.034535, 0.326253, 0.039900, -0.065133, 0.180516, 0.103511, 0.216453, -0.531379, -0.036386, 0.216169, 0.114037, -0.001762, -0.355526, 0.332764]
Neuronio 14: bias=-0.022521 | pesos=[-0.433374, -0.023477, 0.628880, 0.029041, 0.337433, -0.154117, -0.327059, 0.250208, 0.308126, -0.148311, -0.291949, -0.117599, 0.151979, 0.114867, 0.104748, -0.081263, 0.099004, 0.026269, -0.493511, -0.363045, 0.634013, 0.124461, 0.467333, 0.143187, -0.177297, -0.045523, 0.025081, 0.563359, 0.139257, -0.310292, -0.247288, -0.219448, -0.508104, 0.223953, -0.112163, 0.287538, -0.160452, -0.017530, -0.507597, 0.259110, -0.133719, 0.664070, 0.042738, -0.128654, -0.390825, 0.094814, -0.451884, -0.301793, 0.582374, -0.337061, 0.413230, 0.298559, 0.261239, -0.046905, 0.131012, -0.028882, -0.541347, -0.585985, 0.010019, 0.478919, 0.209394, -0.361621, -0.781749]
Neuronio 15: bias=0.201332 | pesos=[-0.411546, -0.401013, -0.428467, 0.384596, 0.453310, 0.219574, 0.293201, -0.192810, -0.532241, 0.102974, -0.027103, -0.478615, -0.098060, -0.085350, -0.211845, -0.331219, 0.063220, -0.000562, -0.147186, 0.261027, -0.109121, 0.047331, -0.253771, -0.291793, 0.151625, 0.302188, 0.267695, -0.220209, -0.312702, -0.197399, -0.197801, 0.292474, 0.210796, 0.040204, -0.332727, -0.347005, -0.309631, -0.088422, 0.098591, 0.030012, 0.509613, -0.609037, -0.045631, -0.044766, 0.045586, -0.090732, -0.050604, 0.629297, -0.407367, 0.287495, -0.116244, -0.254116, -0.236368, 0.135225, 0.065297, 0.372191, -0.101093, -0.177540, 0.130410, 0.118728, 0.800650, -0.351226, 0.681779]
Neuronio 16: bias=0.044062 | pesos=[-0.001073, 0.119743, -0.291434, 0.839622, 0.313193, -0.501179, 0.022217, -0.119912, -0.622529, 0.077883, 0.479897, -0.684172, -0.274628, -0.060389, 0.009212, -0.086462, 0.157500, -0.122967, -0.127143, -0.276790, -0.258102, -0.238170, -0.253569, 0.005296, 0.059824, 0.142640, -0.059702, 0.233677, -0.291356, -0.114960, -0.442990, 0.532566, 0.380481, -0.426078, -0.139727, -0.433924, 0.065449, -0.015445, -0.156995, 0.285330, 0.268956, 0.206783, -0.376254, -0.016841, 0.477419, 0.277932, -0.419115, 0.392025, -0.089222, 0.297272, -0.226386, 0.124963, 0.191396, -0.103417, 0.099898, -0.083470, 0.073875, 0.594992, -0.143479, 0.330242, 0.633817, -0.115001, 0.532978]
Neuronio 17: bias=-0.316264 | pesos=[0.041490, 0.111002, 0.183433, 0.047933, 0.283307, 0.838756, 0.199332, 0.238810, -0.315569, 0.188898, -0.177666, -0.269008, -0.793355, 0.883764, -0.225224, 0.162988, -0.056752, -0.636203, -0.203378, 0.106273, 0.272890, -0.134518, -0.127463, 0.123558, 0.723326, -0.277365, 0.142722, -0.197332, -0.151985, -0.147113, -0.212953, 0.651608, 0.747984, -0.067588, -0.118814, -0.065498, -0.177966, -0.211981, -0.546487, -0.205158, -0.439600, 0.159327, 0.086119, -0.277737, 0.080253, 0.119648, -0.296429, -0.438979, -0.153406, -0.062317, -0.156438, 0.048778, 0.134812, 0.056035, -0.901583, 0.606994, -0.195839, -0.178718, -0.123861, -0.020281, 0.167894, 0.223343, 0.173250]
Neuronio 18: bias=0.170147 | pesos=[0.038607, -0.446640, 0.375065, 0.174925, -0.272930, -0.523889, 0.611905, -0.497318, 0.661394, 0.233343, 0.181951, 0.140517, -0.373808, 0.110314, 0.207018, 0.088035, 0.104701, 0.365484, 0.126635, -0.220764, -0.116041, 0.707703, -0.245317, 0.169985, -0.035183, -0.005829, -0.462372, -0.734119, 0.186312, 0.122810, 0.006018, 0.329200, 0.126673, -0.423578, -0.229132, 0.470050, 0.391386, 0.219288, 0.551754, 0.081738, 0.149776, -0.941086, 0.447420, -0.452259, 0.350657, -0.100620, 0.457786, -0.105865, -0.444210, 0.028111, 0.124046, 0.103183, 0.115376, 0.065419, -0.139994, -0.181679, -0.106193, 0.009564, -0.120717, -0.678737, 0.062374, 0.423331, 0.761183]
Neuronio 19: bias=-0.124268 | pesos=[0.689607, 0.196269, -0.514071, -0.574355, 0.350179, 1.122952, 0.171652, 0.157509, -0.652427, 0.020730, -0.301290, -0.302127, -0.466461, 0.262548, -0.506613, 0.430065, -0.216141, -0.538053, -0.053548, 0.432740, 0.129077, -0.386957, -0.286278, 0.059051, 0.718692, -0.272572, 0.414453, -0.391116, 0.016442, 0.154082, 0.207784, 0.326493, 0.494604, 0.590403, -0.150558, -0.125644, -0.387582, -0.050904, -0.499642, -0.469528, -0.023400, -0.093637, -0.478173, 0.249633, -0.281312, -0.435455, 0.203922, 0.030525, 0.023434, 0.023344, -0.101251, -0.115973, -0.144102, -0.259855, -0.487210, 0.325402, 0.122998, -0.149390, 0.218039, -0.159241, 0.090892, 0.476528, 0.009400]
Neuronio 20: bias=-0.189772 | pesos=[0.124574, -0.623819, 0.448735, 0.568747, 0.285019, 0.155964, -0.284563, -0.489875, 0.266024, -0.103871, -0.353799, -0.190331, -0.666645, 0.983488, -0.011709, -0.216104, -0.346652, -0.070989, -0.276562, -0.362936, 0.414795, 0.075942, 0.034040, 0.303348, 0.214134, 0.186759, -0.176499, -0.494696, 0.367687, -0.136646, 0.030409, 0.162202, 0.463712, 0.004731, -0.121637, 0.155515, -0.075657, -0.077914, 0.039994, 0.400906, -0.527407, -0.593057, 0.390723, -0.223644, -0.069685, 0.106092, -0.168103, -0.411294, 0.284964, -0.172679, 0.205036, 0.022493, 0.459251, 0.141361, -0.972889, 0.566448, -0.257815, -0.750469, 0.092558, -0.197947, 0.400403, 0.433996, 0.033808]

--- Camada 2 (saida, 7 neuronios) ---
Neuronio 1: bias=-0.775751 | pesos=[1.042670, 0.625216, -0.757524, 0.288652, -2.524323, -1.449212, 0.292651, -0.987493, 1.103087, -0.900906, 1.115801, -1.610656, -0.457680, -1.221456, 0.726555, 1.088170, -1.171581, 0.818056, -1.912980, -0.341350]
Neuronio 2: bias=-0.681701 | pesos=[-1.382520, 0.840657, -1.190857, 0.477786, -1.996969, 0.744973, -0.769466, -1.954406, -0.712281, -0.316202, 1.032315, -1.263500, -1.793392, 0.280462, -1.165697, -0.639922, 1.725879, -1.724638, 1.386190, 1.135719]
Neuronio 3: bias=-0.496351 | pesos=[0.576160, -1.652457, -0.408079, 0.920652, -0.188356, -0.550754, -1.193444, -1.795315, -1.197509, 0.471960, -2.745646, -0.668425, 1.187864, 1.456183, -0.053297, -0.978032, -0.505228, 0.887011, -1.883814, 1.476795]
Neuronio 4: bias=-0.599511 | pesos=[-1.038543, 0.530104, -1.631857, 0.087624, 1.261660, -1.259214, -1.450025, 1.381727, -1.304578, 0.544681, 0.596900, 1.285202, -1.191735, 0.663738, -0.845642, 0.482956, -1.484428, -1.480449, -1.754875, -2.104852]
Neuronio 5: bias=-1.043629 | pesos=[-1.861177, -0.473972, -1.359105, -1.826054, 0.840164, -1.336062, 1.349518, 1.118020, -1.359016, 0.386948, -1.570473, -2.041761, 0.133988, -2.248147, 0.547796, 0.721833, 1.428767, 0.785709, 0.634670, 0.276766]
Neuronio 6: bias=-0.593568 | pesos=[-1.334905, 0.179834, 1.254302, -0.476628, -0.639563, 1.628923, -1.691760, 0.392210, 1.301286, -1.630695, -2.128904, -0.196902, 0.840670, -0.184378, 1.597884, -0.261172, -0.707942, -1.598184, 0.156264, -1.510723]
Neuronio 7: bias=-0.586591 | pesos=[0.754827, -1.150721, 0.668911, -1.881289, 0.949425, 0.182334, 1.343095, 0.406804, 0.291253, -1.212850, 0.824502, 0.501213, 0.172063, -1.378707, -1.795636, -2.313585, -1.411958, 0.931905, -0.562067, -1.276782]
