=== Pesos Iniciais ===

--- Camada 1 (oculta, 55 neuronios) ---
Neuronio 1: bias=0.000000 | pesos=[-0.110175, -0.049179, 0.123690, -0.116190, -0.143469, -0.023664, -0.112783, -0.005734, 0.165796, 0.009345, 0.028133, 0.167090, -0.141475, 0.016218, -0.003706, 0.044706, 0.069366, 0.157857, -0.126782, -0.137975, -0.066335, -0.166890, -0.082447, 0.033090, 0.136004, -0.067016, 0.169143, 0.094828, 0.163479, 0.001315, 0.137501, -0.019788, 0.126765, 0.117760, 0.011160, 0.102994, 0.179876, 0.104360, 0.080105, -0.006862, -0.171817, 0.088388, -0.050429, 0.135781, -0.048830, 0.133292, 0.154855, -0.044980, -0.097622, -0.091537, 0.121315, 0.002825, 0.143570, -0.019433, 0.175643, 0.181223, 0.039579, -0.055141, 0.085667, 0.070046, 0.117587, 0.168898, -0.116886, -0.178309, -0.071702, 0.155336, 0.128189, 0.013407, 0.101637, -0.024219, 0.158077, 0.116308, -0.001950, -0.065210, 0.067022, -0.098751, -0.001188, -0.033470, 0.149532, 0.003667, -0.103458, -0.164613, 0.118914, 0.092039, -0.009370, 0.093056, 0.022831, -0.164300, 0.005096, -0.109436, 0.098695, -0.035101, -0.184619, -0.154772, -0.025491, -0.032859, -0.165346, -0.171553, 0.070379, -0.096874, 0.102980, 0.101289, 0.156957, -0.056721, 0.062033, 0.040923, -0.012629, 0.153133, -0.090142, -0.027773, 0.149231, 0.164974, -0.055861, -0.135295, -0.163888, 0.049595, 0.104681, -0.154591, 0.129824, 0.118799]
Neuronio 2: bias=0.000000 | pesos=[-0.149123, -0.029137, 0.114146, 0.032800, 0.061924, -0.171797, -0.126638, 0.092828, 0.020046, -0.144470, 0.159738, 0.010247, 0.000078, -0.072959, 0.154011, 0.184973, -0.049547, -0.124669, 0.184920, 0.090805, -0.163520, -0.151490, -0.181824, -0.083742, -0.098087, 0.081334, -0.116861, -0.123985, -0.143069, -0.000132, 0.012658, -0.147926, -0.131500, -0.101575, 0.049786, 0.110729, -0.110524, 0.084393, -0.043474, 0.077603, -0.094975, 0.091519, 0.180161, -0.037759, 0.116153, -0.009770, 0.102294, -0.151635, 0.098250, -0.159146, 0.011018, -0.083664, 0.083412, -0.162801, -0.119106, 0.114191, 0.180328, -0.175300, -0.121295, 0.134924, 0.005393, 0.005866, -0.019035, 0.155682, -0.055509, 0.172562, -0.179182, 0.010092, -0.114220, 0.087472, 0.169311, -0.030889, 0.068440, 0.097022, 0.148519, 0.147267, 0.163949, 0.088117, -0.105663, 0.120234, 0.000963, -0.145420, 0.134855, -0.171717, -0.130298, -0.051562, -0.049688, 0.135886, 0.168001, -0.001408, -0.111291, -0.051649, 0.067149, -0.129719, -0.128090, 0.170340, -0.088411, -0.076442, 0.035184, -0.013406, 0.143983, -0.096191, 0.031741, -0.083932, -0.180009, -0.153070, 0.145749, -0.055667, -0.130975, -0.027860, 0.161911, -0.075608, 0.053981, 0.121504, 0.010310, 0.011362, 0.062973, 0.164451, 0.036311, 0.174468]
Neuronio 3: bias=0.000000 | pesos=[-0.151061, -0.122006, -0.162147, 0.123272, -0.160035, 0.049645, -0.122342, -0.169859, 0.168240, 0.090736, 0.107763, -0.164755, -0.178138, -0.117825, -0.016858, 0.043495, -0.119783, -0.139176, -0.106542, 0.002331, -0.108755, -0.079676, -0.089506, -0.180200, 0.149045, -0.092947, 0.136678, 0.024637, 0.173352, -0.097729, 0.102532, 0.048749, 0.149954, -0.134724, 0.094270, -0.136337, -0.073710, 0.170657, 0.140408, 0.165355, -0.053666, 0.171906, -0.084721, -0.053341, -0.106763, 0.005431, -0.162973, -0.115622, -0.137671, 0.155920, -0.135839, -0.006520, 0.130075, 0.164650, -0.030759, -0.020784, 0.173545, 0.001560, -0.011850, -0.164937, -0.051391, -0.011585, 0.111205, -0.065410, -0.078980, -0.121332, 0.063088, 0.036831, 0.103277, -0.083941, -0.132082, -0.007456, 0.106102, -0.135410, 0.005499, -0.149341, -0.183855, 0.153771, -0.104184, -0.103164, -0.012988, 0.164875, 0.125953, -0.081332, -0.107605, -0.153381, 0.115724, -0.123003, -0.141723, -0.130436, 0.042830, -0.095498, 0.010763, 0.122602, -0.009435, -0.084686, 0.065481, -0.084557, 0.079116, -0.015074, -0.053028, -0.146146, 0.002599, -0.048591, -0.174412, -0.169965, -0.077324, -0.163563, 0.083413, -0.013261, -0.080796, 0.099291, -0.074253, -0.141638, -0.037251, 0.067126, -0.025889, 0.107816, -0.053540, -0.049786]
Neuronio 4: bias=0.000000 | pesos=[0.081602, 0.177396, 0.066481, -0.015384, 0.145728, -0.033672, -0.029490, 0.000250, -0.184002, 0.148204, -0.078338, 0.103890, 0.137026, -0.099352, -0.157233, 0.183328, 0.076418, -0.015096, 0.039655, 0.084948, 0.141846, -0.159860, 0.003885, 0.127739, -0.081673, 0.105352, 0.036869, -0.129560, 0.104196, 0.004902, 0.043586, -0.059091, -0.181431, 0.082031, 0.123512, -0.120503, 0.115809, -0.156752, -0.129773, -0.154674, 0.110576, -0.074465, 0.058354, 0.060564, 0.007071, 0.102599, 0.134707, -0.047153, 0.082149, -0.117445, 0.083442, 0.023145, 0.167366, 0.065796, 0.064979, -0.130653, 0.146228, 0.167870, 0.083222, -0.054608, -0.145894, -0.024730, 0.006107, -0.157326, -0.016668, -0.123880, -0.002720, -0.037813, -0.120209, -0.152766, -0.157470, -0.170611, 0.059930, -0.096545, -0.153194, -0.151978, -0.090211, -0.027485, -0.077816, -0.126628, 0.165966, -0.009465, -0.064109, -0.167192, -0.042275, 0.155060, -0.117230, -0.072704, 0.007077, -0.040624, -0.151676, 0.174633, 0.017129, -0.098727, 0.025135, -0.183075, -0.099232, 0.094328, 0.081432, 0.046907, -0.152638, 0.028303, -0.025253, 0.101199, -0.076227, 0.124129, 0.037004, 0.021431, -0.041384, -0.179762, -0.088793, -0.113306, -0.038306, 0.019292, 0.084464, -0.134782, -0.095583, -0.060363, 0.066289, -0.129058]
Neuronio 5: bias=0.000000 | pesos=[-0.117090, 0.104225, 0.164369, 0.172470, 0.155278, 0.150979, 0.028853, -0.161477, 0.074999, 0.052523, -0.007270, -0.099723, 0.000847, -0.103701, 0.169326, 0.037882, -0.147438, 0.144822, 0.129953, -0.078161, 0.069204, -0.072536, -0.131871, -0.111997, -0.030065, 0.003737, 0.029971, -0.094775, 0.112430, -0.075931, 0.183041, 0.066241, -0.119698, -0.137322, -0.136849, 0.136283, 0.146871, 0.056161, -0.121602, -0.105615, -0.165868, -0.025620, 0.133663, -0.159214, -0.040529, 0.017317, 0.082063, -0.152660, 0.016535, 0.008129, -0.183701, 0.066634, 0.169473, 0.084932, -0.096163, 0.092005, 0.078097, 0.121653, 0.045789, 0.047868, -0.074830, 0.006561, 0.167942, -0.138755, -0.174820, -0.164731, 0.118428, -0.013103, -0.009759, -0.013107, -0.089303, -0.037901, 0.120332, 0.037005, 0.140032, -0.029263, -0.134824, -0.155070, -0.011187, 0.112057, 0.009725, -0.136518, -0.178779, 0.066067, 0.004291, -0.168734, 0.009643, -0.140266, -0.167237, -0.081960, -0.074732, -0.020725, -0.093104, -0.016023, 0.170735, 0.035431, -0.102428, -0.099642, -0.069994, 0.182111, -0.080989, 0.021675, 0.141410, 0.165339, 0.043898, 0.032249, 0.015419, 0.148982, -0.150738, 0.149882, 0.181616, -0.154245, 0.117280, 0.065741, -0.131726, 0.098828, -0.057397, -0.159385, -0.049105, 0.172885]
Neuronio 6: bias=0.000000 | pesos=[0.150494, -0.140560, -0.042575, 0.077113, 0.106092, -0.129420, 0.036079, -0.024122, -0.002064, -0.030441, 0.002700, -0.035186, 0.059566, -0.017746, -0.006923, -0.061771, -0.153599, -0.064046, -0.117557, -0.014692, -0.119241, 0.112876, 0.103509, 0.154650, 0.105548, -0.083298, -0.007079, 0.110598, -0.039555, -0.015383, -0.149452, 0.050811, -0.141091, -0.031667, 0.056500, -0.040216, -0.017309, 0.104465, 0.086577, -0.183267, 0.083262, 0.085081, 0.019436, -0.034327, -0.087079, 0.142231, 0.067510, 0.133900, -0.011134, 0.176100, -0.070491, -0.083488, -0.083158, 0.137343, -0.046221, -0.006993, 0.037755, -0.055219, 0.054001, 0.013702, -0.104185, -0.110104, -0.044469, 0.136652, 0.109320, 0.069832, -0.083452, -0.158258, 0.067724, -0.013586, 0.086794, 0.081190, 0.147740, 0.113361, 0.017702, -0.036377, -0.052422, 0.039116, -0.135824, 0.042305, 0.041481, -0.074493, -0.129224, -0.081415, 0.121536, 0.026300, -0.155479, 0.137073, -0.125548, -0.087342, 0.077364, 0.144059, 0.166536, 0.054521, 0.094219, 0.012144, -0.069924, -0.138097, 0.001615, -0.015276, 0.133102, -0.165537, -0.177623, -0.083639, -0.020887, 0.055180, -0.026396, 0.044597, -0.036934, -0.013346, -0.072441, 0.043877, -0.064400, -0.104202, -0.151127, 0.155945, -0.009285, -0.020490, -0.105289, 0.101192]
Neuronio 7: bias=0.000000 | pesos=[-0.174451, 0.120970, -0.163840, -0.160887, 0.012169, -0.121286, 0.160551, 0.131854, -0.113856, -0.006548, -0.131037, -0.044284, -0.009488, -0.089650, 0.144941, 0.005866, -0.080534, -0.027823, -0.146336, 0.140414, -0.019250, -0.140186, 0.033891, 0.124785, 0.015156, -0.164566, -0.014177, 0.073697, 0.073918, -0.055003, 0.007217, 0.099774, 0.060677, -0.142659, 0.025049, 0.168840, 0.065838, 0.130098, -0.092417, -0.177550, -0.007526, 0.004342, 0.027445, -0.034525, 0.142834, 0.036539, -0.070632, 0.119167, 0.029474, -0.088361, -0.041896, 0.051417, -0.065951, 0.024373, -0.183572, 0.067443, -0.127834, -0.118038, 0.083881, -0.088640, -0.137327, -0.049644, 0.041150, 0.143674, -0.098833, 0.171784, -0.093795, -0.119325, 0.051269, 0.094408, 0.158090, -0.024892, -0.076700, 0.055232, 0.094725, 0.167506, -0.039666, -0.104188, -0.036509, -0.121043, -0.145773, 0.136589, 0.080362, -0.129451, -0.154593, -0.148247, 0.172207, -0.174399, 0.135096, -0.061997, 0.151504, 0.121320, 0.045622, -0.107025, -0.059124, 0.061496, 0.015816, 0.094946, 0.031464, 0.020558, 0.135873, 0.108967, -0.021024, -0.115146, -0.027453, -0.095064, -0.087073, 0.151331, -0.018794, 0.014879, 0.134319, 0.062793, -0.134382, -0.127334, 0.152528, 0.135486, -0.070150, -0.085156, -0.059339, -0.102527]
Neuronio 8: bias=0.000000 | pesos=[0.163380, 0.086224, 0.001060, -0.055230, 0.079774, 0.086059, -0.153020, -0.088019, 0.068200, -0.160400, 0.012192, 0.093293, 0.166837, -0.035869, -0.013715, 0.043475, 0.125417, -0.113410, 0.121668, -0.069554, 0.183982, 0.158710, 0.060489, -0.175897, 0.059900, -0.164953, 0.016736, 0.026545, 0.007909, -0.132533, -0.168152, 0.047717, -0.167526, 0.053283, -0.106159, -0.154687, 0.050429, 0.120093, 0.017112, -0.124013, -0.090949, 0.154626, 0.031422, 0.087903, -0.127165, 0.031607, 0.181149, -0.139121, -0.175306, 0.182443, 0.151098, -0.011496, -0.093953, 0.082606, -0.181323, -0.045211, 0.142683, -0.137037, 0.049811, 0.098738, -0.031777, -0.116071, 0.163728, 0.058256, -0.043495, -0.149847, -0.133947, -0.006171, -0.093633, -0.172543, -0.143395, 0.107232, -0.088833, -0.050036, -0.013359, 0.090536, 0.052126, -0.156339, 0.020890, 0.052669, 0.081762, -0.012009, -0.153034, 0.080931, -0.070995, -0.142640, -0.027086, -0.064249, 0.018529, -0.095159, 0.060865, 0.111716, -0.080145, -0.070184, 0.013022, -0.130802, 0.080623, -0.031404, 0.013674, 0.157144, 0.058759, -0.077920, 0.148144, -0.001038, 0.174302, 0.143131, -0.090440, -0.007192, 0.041114, 0.056253, 0.095262, -0.048097, -0.107915, 0.133916, 0.041027, -0.048143, -0.136976, -0.059015, 0.083648, -0.081015]
Neuronio 9: bias=0.000000 | pesos=[0.148140, 0.115656, -0.005576, -0.072370, 0.101078, 0.041721, -0.182835, 0.055111, -0.056682, 0.142692, -0.101662, -0.140471, -0.003183, 0.090255, -0.172072, 0.005225, 0.149068, -0.140681, 0.097172, -0.165584, -0.151963, 0.004490, 0.050784, -0.087792, -0.053069, 0.091476, -0.135159, 0.120797, -0.146772, -0.023775, -0.108205, 0.164478, 0.083105, -0.073509, -0.000991, -0.144399, -0.059576, -0.105931, 0.150389, 0.123991, -0.009784, 0.088971, 0.139170, -0.123260, 0.130978, 0.083527, -0.002139, 0.078240, -0.021355, 0.056603, 0.073804, -0.065485, 0.016728, -0.057471, 0.110200, -0.084510, 0.163985, -0.108315, -0.150959, 0.083713, 0.016395, -0.063055, 0.066104, -0.033948, -0.146967, 0.035100, 0.060806, 0.143998, 0.006136, -0.105001, -0.164763, -0.002659, 0.040251, 0.164105, 0.066598, -0.093339, -0.015060, -0.072689, -0.154574, -0.011232, -0.097994, 0.056779, 0.007355, -0.007035, -0.140301, -0.175751, -0.130480, 0.143593, -0.001915, 0.101678, 0.128633, -0.161612, -0.093965, -0.046221, 0.127825, -0.173359, 0.006175, 0.166544, 0.146234, -0.149292, 0.181525, 0.124657, -0.110978, -0.010368, 0.137978, 0.062277, -0.084156, 0.005828, -0.125126, 0.013843, -0.123545, 0.178957, 0.107124, 0.056327, 0.104915, 0.009544, -0.074946, 0.131356, 0.040956, -0.161408]
Neuronio 10: bias=0.000000 | pesos=[0.151359, 0.095050, -0.178994, -0.048279, -0.050419, 0.022212, -0.025245, -0.072098, 0.093130, -0.151083, 0.002069, 0.077814, -0.092164, -0.082240, -0.039034, -0.167687, 0.024094, -0.121745, 0.126830, 0.067282, -0.123659, 0.163900, -0.154157, -0.120615, 0.172712, -0.117503, -0.169143, -0.086644, 0.124469, 0.132056, -0.033764, 0.114462, 0.170350, -0.153889, 0.132750, 0.014492, 0.177463, 0.026146, 0.129835, -0.111223, -0.119864, -0.033530, -0.180502, 0.173194, 0.164756, -0.132092, -0.162317, 0.048007, -0.012528, -0.012112, -0.069179, 0.092593, 0.110170, -0.021608, -0.084819, -0.140713, 0.081787, 0.138018, -0.072866, -0.139057, 0.177324, -0.098470, 0.142251, -0.091795, 0.124323, 0.050895, 0.014992, -0.074211, 0.003041, 0.038496, -0.078442, 0.075219, -0.024348, -0.028165, 0.130111, -0.044982, -0.176700, 0.123680, -0.023463, -0.134951, -0.169695, -0.152659, 0.059836, 0.183950, 0.062263, 0.040154, -0.037971, 0.161027, 0.177428, 0.110300, -0.178948, -0.090415, -0.073993, 0.112553, 0.158506, 0.180471, -0.109360, 0.064104, -0.160742, -0.119480, 0.036514, -0.053874, -0.001811, 0.156877, -0.164732, 0.044617, -0.150556, -0.088735, -0.120806, -0.137306, -0.164214, -0.131310, -0.103807, 0.086847, -0.166960, 0.086112, -0.167012, -0.176729, -0.024217, -0.059965]
Neuronio 11: bias=0.000000 | pesos=[0.039879, 0.087229, -0.083825, -0.177322, 0.149959, -0.096331, -0.113887, 0.013431, -0.163807, 0.176326, -0.037324, 0.141626, -0.165735, -0.143575, 0.109905, -0.090955, 0.058278, 0.126266, -0.062584, -0.119721, -0.133152, -0.167865, -0.138659, -0.095332, 0.067921, 0.075445, 0.123761, 0.161637, 0.072876, 0.037669, -0.026097, 0.150723, -0.129558, 0.075919, -0.156352, 0.110978, -0.058778, 0.113786, 0.028667, 0.041583, -0.120204, 0.157992, -0.033490, 0.022591, -0.154804, 0.000189, 0.089592, -0.103079, 0.005120, -0.097096, -0.100821, -0.049808, -0.160918, -0.056739, -0.063559, 0.063834, 0.089360, -0.059887, 0.131074, 0.124940, 0.168822, 0.118685, 0.111322, 0.175027, -0.101272, -0.082624, 0.173346, -0.050557, 0.041178, 0.170039, 0.166997, -0.000629, -0.053998, 0.008393, -0.017136, 0.184824, 0.145600, -0.033302, 0.099448, -0.004485, -0.123406, -0.139390, -0.106024, -0.025631, 0.028846, -0.030383, 0.137251, 0.168203, 0.040869, -0.070224, 0.131967, -0.038122, -0.087127, -0.143663, -0.037109, 0.087254, 0.122612, -0.074401, 0.051321, 0.145178, -0.050982, 0.166388, -0.134938, -0.077445, 0.134408, -0.065236, 0.024254, -0.079663, -0.121095, -0.165885, -0.157897, -0.169468, -0.080700, 0.041359, 0.169993, -0.160058, 0.136959, -0.059831, 0.180553, 0.176090]
Neuronio 12: bias=0.000000 | pesos=[-0.132794, 0.076347, -0.116038, 0.152194, -0.046542, -0.036295, -0.013753, 0.018595, 0.162166, 0.156799, -0.026489, -0.052400, 0.143664, 0.012605, 0.099422, 0.172885, 0.142319, 0.137976, -0.075634, -0.052409, -0.085478, -0.076155, -0.078594, -0.048815, 0.122924, 0.051670, -0.176312, -0.040024, 0.090985, 0.014587, 0.032687, 0.123979, 0.025187, 0.080906, -0.099058, 0.179469, 0.092503, -0.033447, -0.140923, -0.079006, 0.169499, -0.070642, 0.109657, -0.176842, -0.030721, 0.074293, 0.149548, 0.086371, -0.098827, 0.100574, -0.053112, 0.111725, -0.122477, -0.098573, -0.080874, -0.183536, -0.128129, -0.044693, 0.179478, 0.012224, 0.001244, -0.146867, -0.116469, -0.135064, 0.028353, 0.013072, -0.132278, -0.054423, 0.023322, 0.122667, -0.171013, 0.133693, 0.013792, 0.055480, -0.067314, -0.029429, 0.046525, -0.152943, 0.085888, -0.036935, -0.027371, 0.154637, 0.051831, -0.001917, -0.135194, -0.025534, 0.147624, 0.149847, 0.033287, -0.048972, 0.015417, -0.183770, -0.054079, -0.086495, -0.035664, -0.070706, -0.147623, 0.119046, -0.024781, 0.100715, 0.134890, 0.151966, 0.049915, -0.026858, 0.028004, 0.164267, -0.070483, -0.164998, 0.028878, 0.074961, 0.170753, 0.027562, -0.032470, -0.148077, 0.117641, 0.071726, -0.126451, 0.008827, 0.117289, -0.167057]
Neuronio 13: bias=0.000000 | pesos=[0.038315, -0.161238, -0.006243, 0.143849, 0.139300, 0.094471, 0.008679, 0.128376, 0.045464, -0.034627, 0.149541, -0.022835, -0.151271, -0.178644, -0.111067, -0.094684, 0.008874, 0.166177, 0.179182, -0.153956, -0.016285, -0.072157, 0.133152, -0.120071, 0.112950, -0.103223, 0.019527, -0.120299, 0.149343, -0.002014, -0.167307, -0.052622, -0.184029, -0.027938, 0.131587, -0.099006, -0.112450, 0.028622, 0.150787, -0.174627, 0.098075, -0.146026, -0.138409, -0.144539, 0.149226, -0.134054, -0.067280, -0.138659, 0.082061, 0.052654, -0.150807, 0.061759, 0.183728, -0.162315, 0.170047, 0.096941, 0.173192, 0.168605, 0.038509, -0.132637, 0.061073, -0.179525, -0.176796, -0.157254, -0.035702, 0.110158, 0.128536, 0.114109, -0.100109, 0.077222, 0.012565, 0.044882, -0.127856, -0.042476, -0.035110, 0.173720, 0.022786, -0.125148, -0.021908, 0.092736, -0.118581, -0.002414, 0.094224, -0.061681, -0.094326, 0.027488, 0.081114, 0.069350, 0.067913, 0.080858, 0.160241, -0.118870, 0.014797, -0.104999, -0.058669, -0.024925, -0.040616, 0.020786, 0.081075, -0.027273, -0.145633, 0.107739, -0.077964, -0.166551, -0.123976, 0.152781, -0.004641, -0.128397, -0.108807, -0.003511, -0.148339, -0.051207, 0.131163, -0.009665, 0.181898, 0.153747, 0.184872, -0.115169, 0.129763, -0.112704]
Neuronio 14: bias=0.000000 | pesos=[0.149475, -0.054204, 0.083811, -0.178727, -0.032123, -0.000329, -0.160519, 0.171526, 0.184866, 0.147347, -0.154198, 0.115387, 0.146333, -0.079193, 0.171355, 0.016088, 0.081189, 0.168155, -0.165936, -0.183239, 0.134297, -0.106079, -0.059422, -0.106527, -0.024882, 0.051477, -0.079005, -0.070167, -0.160417, -0.011315, 0.135323, 0.112545, 0.023179, -0.051140, 0.044650, 0.035441, -0.043239, -0.068354, -0.169491, -0.015624, -0.183111, -0.144702, -0.102895, 0.102772, -0.159321, 0.141033, -0.145631, 0.084123, -0.034299, 0.093073, 0.138122, 0.119700, 0.065944, -0.103222, 0.131207, 0.073970, -0.097646, 0.176665, -0.161674, -0.025420, 0.036522, -0.053193, 0.004276, 0.116237, 0.034920, -0.164286, 0.106821, -0.170220, 0.004781, 0.112632, -0.123187, 0.028909, -0.093634, 0.030654, -0.102115, 0.073852, -0.176211, -0.075761, 0.156245, 0.177050, -0.129773, 0.012298, 0.125988, -0.053422, -0.014973, -0.024150, -0.182269, 0.038484, 0.097801, 0.149503, 0.177180, 0.090283, 0.050059, 0.163040, -0.091873, -0.086842, -0.165898, 0.088672, 0.043115, 0.099459, -0.106380, 0.010080, 0.144859, 0.056948, -0.055168, -0.146924, -0.154004, -0.177155, 0.163682, -0.025762, 0.026087, 0.164491, 0.049618, -0.148386, 0.070889, -0.105902, -0.151376, 0.135488, -0.135461, -0.012955]
Neuronio 15: bias=0.000000 | pesos=[0.058587, 0.055207, 0.099184, 0.175763, -0.043045, 0.050744, 0.104510, -0.133703, -0.002816, -0.010077, -0.162397, 0.140244, 0.098488, 0.042384, -0.028908, 0.175827, -0.173014, 0.172918, -0.009240, 0.008191, 0.142122, 0.013118, 0.052244, -0.182130, -0.001352, 0.082453, 0.105379, 0.158188, 0.105498, 0.062854, 0.129387, 0.049429, 0.103599, 0.097991, -0.042512, 0.018954, -0.124974, 0.098312, 0.148340, 0.020863, 0.024281, 0.012994, -0.143668, 0.090043, -0.018319, 0.065938, 0.090793, 0.085560, 0.130431, 0.145090, -0.133248, -0.074621, -0.016511, -0.029388, -0.029631, 0.127794, -0.147237, -0.001777, 0.173959, 0.067005, -0.111891, 0.099633, 0.047890, 0.140531, -0.155942, 0.059027, -0.119737, 0.029719, 0.064421, -0.171669, -0.147794, 0.159766, 0.180131, -0.120464, 0.058861, -0.164770, -0.177083, 0.077855, -0.154362, 0.178887, 0.079386, -0.079197, -0.058461, 0.036888, 0.068575, 0.033524, 0.035689, 0.028115, 0.015741, -0.141639, 0.147794, 0.068060, 0.109511, 0.129181, 0.118107, 0.016681, 0.065520, 0.063649, 0.135143, -0.171044, -0.184074, -0.143196, -0.114090, 0.067295, 0.178596, 0.102085, -0.097136, -0.056840, -0.035654, -0.181360, -0.104505, 0.138475, 0.171530, 0.160933, 0.012128, 0.077693, 0.116751, -0.083968, 0.107002, -0.103889]
Neuronio 16: bias=0.000000 | pesos=[-0.063776, -0.028542, -0.115406, 0.117777, 0.005746, 0.112805, -0.065624, -0.122283, -0.089255, 0.073834, 0.084715, 0.156350, -0.148531, 0.112546, -0.131302, -0.093697, 0.039037, -0.179964, -0.011072, -0.050672, -0.034804, -0.134943, 0.079241, -0.180504, 0.137578, 0.113684, -0.049721, 0.143011, -0.117096, -0.141356, 0.053197, -0.056531, 0.040122, -0.033030, 0.096604, -0.178127, 0.128043, 0.051594, -0.007005, -0.169220, 0.133995, -0.044782, -0.113200, -0.166700, -0.133219, 0.158538, -0.135733, -0.167045, -0.022268, 0.161149, -0.050527, 0.078543, 0.043453, -0.028850, -0.184120, -0.006244, -0.085218, 0.046736, 0.018693, 0.035868, 0.104948, -0.014348, -0.135233, -0.106836, 0.125575, 0.026042, 0.176902, -0.184597, -0.004321, -0.052335, 0.100096, 0.067443, -0.153095, -0.094521, -0.032457, 0.052556, 0.161360, 0.133904, 0.103278, 0.165125, 0.158964, -0.006652, 0.185042, 0.086508, 0.121973, 0.026737, 0.022615, -0.107172, -0.115264, -0.140101, 0.146394, -0.181702, -0.029142, 0.113743, -0.074980, -0.028984, -0.095848, 0.109970, 0.088008, -0.175288, 0.018980, -0.093571, -0.154439, -0.092632, 0.146410, 0.019673, 0.125834, 0.056733, 0.118766, -0.164182, 0.088721, -0.104114, 0.056380, 0.082970, -0.056619, -0.002295, 0.006136, 0.126180, 0.054658, -0.116568]
Neuronio 17: bias=0.000000 | pesos=[-0.146281, 0.080852, -0.072191, 0.029057, -0.082673, 0.004678, -0.029658, -0.101725, 0.002756, 0.099396, -0.059727, 0.166997, -0.020551, -0.005968, 0.077971, 0.170612, -0.011883, 0.113646, -0.023152, 0.037148, 0.178695, 0.002755, -0.014681, 0.115396, -0.095837, -0.055286, -0.009092, 0.087699, -0.072438, 0.022711, 0.117413, -0.106805, 0.148249, 0.127457, 0.010439, 0.102004, 0.020569, 0.001459, -0.159638, 0.001873, 0.037518, -0.168160, 0.090342, 0.043538, 0.104963, -0.155352, 0.031479, -0.040664, -0.032622, -0.010041, 0.000691, -0.068152, 0.017005, 0.066868, 0.038976, 0.047469, -0.147140, 0.031577, 0.030836, 0.053069, -0.094845, -0.007136, -0.009280, -0.021849, 0.056767, 0.174649, -0.133456, 0.118192, 0.063766, 0.095519, 0.005463, 0.000808, 0.014411, 0.156647, -0.092614, -0.170574, 0.090487, -0.065584, 0.007337, 0.169197, -0.162039, -0.088315, 0.123614, 0.019915, 0.076361, -0.106109, 0.004424, -0.085891, -0.045223, 0.046397, 0.172082, 0.089058, -0.182278, -0.144143, 0.144680, 0.155520, -0.095407, -0.170000, -0.173173, 0.002752, 0.105385, -0.166978, -0.108277, 0.061960, 0.131943, -0.156787, 0.057352, 0.101212, 0.049957, -0.008184, -0.148043, 0.129721, -0.138073, -0.109903, -0.101472, -0.166083, -0.178764, -0.048898, 0.155062, 0.004942]
Neuronio 18: bias=0.000000 | pesos=[0.133713, -0.025709, -0.110614, -0.031352, -0.040131, -0.026131, -0.101791, 0.104564, -0.144716, 0.124850, 0.142290, 0.115297, -0.082496, -0.043918, -0.075691, -0.045925, 0.049843, 0.035580, -0.071969, 0.102799, -0.173545, 0.030019, 0.094004, -0.012196, -0.132862, -0.134475, 0.161571, -0.005265, 0.052134, -0.103726, -0.088838, 0.040611, 0.012011, -0.041984, 0.000225, -0.168447, 0.172631, 0.041417, 0.185057, 0.058965, -0.142536, -0.141307, -0.180541, 0.152750, 0.025765, 0.077340, -0.032449, -0.164532, 0.180776, 0.069432, 0.083004, -0.104353, -0.061494, -0.060630, -0.127941, -0.085246, 0.165056, 0.017958, -0.169731, -0.167783, -0.121118, -0.121694, -0.106581, 0.065097, -0.147051, 0.146446, 0.076391, -0.040812, 0.031831, -0.092890, 0.101108, -0.028421, 0.075267, -0.178341, -0.152320, 0.112789, 0.031558, 0.132890, -0.160306, -0.109800, 0.085499, -0.010054, -0.052430, 0.169706, -0.038755, -0.049416, 0.181443, -0.051658, -0.097541, -0.175447, 0.056680, 0.103856, 0.005762, 0.146461, -0.017941, -0.105906, -0.056814, 0.007039, -0.043361, 0.104157, 0.019731, 0.038395, 0.089717, -0.100588, 0.029007, 0.145652, -0.135129, -0.091816, 0.000785, 0.110682, 0.147589, 0.180937, 0.046510, 0.100118, 0.113850, -0.087612, 0.170566, -0.119838, -0.022570, -0.052729]
Neuronio 19: bias=0.000000 | pesos=[0.014625, -0.034920, -0.036620, 0.000088, -0.164840, -0.019313, 0.082119, -0.077073, -0.126391, -0.075226, -0.169510, 0.161352, -0.128904, -0.054793, -0.045849, -0.120724, -0.056746, 0.145837, -0.063700, -0.151502, -0.108029, -0.062637, -0.085048, 0.101386, 0.142750, -0.094001, 0.101269, 0.031134, -0.128693, 0.120431, 0.073185, 0.174648, 0.167488, -0.093919, 0.040683, 0.161324, 0.054544, -0.084382, 0.073256, 0.031291, 0.175086, 0.142361, -0.129379, 0.082683, -0.111856, -0.111472, 0.101542, 0.000611, -0.067532, 0.014024, 0.037167, -0.056875, 0.083987, 0.170455, -0.115056, 0.073295, -0.028753, -0.073295, -0.051754, -0.091905, -0.032681, -0.070423, 0.058593, -0.106150, -0.152720, -0.082771, 0.099594, -0.133603, 0.009663, 0.097088, 0.012759, -0.113230, -0.051747, 0.117241, 0.061771, -0.091257, 0.173763, -0.041124, 0.085408, -0.023696, -0.161503, 0.014239, -0.134289, 0.106560, -0.109678, 0.092727, -0.032612, -0.065560, 0.119761, 0.060518, -0.016955, -0.118523, -0.034311, 0.084847, -0.020694, 0.008470, -0.088771, 0.180573, 0.161768, -0.145568, 0.053607, 0.168092, -0.015046, -0.181632, -0.027682, -0.103647, -0.130724, 0.133181, 0.134013, -0.100924, -0.078734, 0.129617, -0.113295, 0.151146, -0.040971, -0.088328, -0.165208, 0.173677, -0.011452, 0.050627]
Neuronio 20: bias=0.000000 | pesos=[0.096129, -0.083736, 0.071321, 0.107895, 0.099104, -0.014354, 0.067597, 0.147843, 0.130846, 0.119139, -0.100823, -0.071416, -0.091023, 0.143084, 0.146455, -0.184512, -0.182149, -0.110634, -0.092090, 0.037098, -0.111989, -0.063701, 0.018572, 0.116097, -0.116865, -0.142220, -0.140334, -0.127932, -0.157510, 0.006095, -0.058093, -0.073749, -0.068695, -0.139617, -0.031301, -0.087660, -0.068990, 0.019088, 0.157476, 0.035290, -0.010140, -0.088288, 0.182841, 0.164999, -0.176174, -0.149770, 0.041465, 0.071804, 0.145823, 0.147294, -0.001308, -0.116152, 0.141099, 0.085106, -0.001057, 0.101342, 0.020819, 0.147695, -0.108056, 0.071205, 0.019184, -0.169440, 0.068680, 0.002812, 0.107187, 0.035056, -0.019341, -0.127281, -0.071466, 0.009662, -0.039165, 0.159704, -0.024885, -0.185099, 0.051658, 0.019930, 0.119769, 0.127355, 0.160157, 0.120166, -0.089419, -0.084788, 0.002523, -0.059357, 0.080792, 0.093801, -0.075299, 0.099033, -0.138483, -0.020763, 0.070347, 0.109248, 0.062331, -0.024717, -0.132240, -0.050382, 0.141432, -0.132043, 0.160727, 0.025922, -0.071117, -0.040961, 0.140831, -0.015735, 0.183558, -0.022560, -0.038955, -0.124726, -0.148792, -0.035612, 0.024965, 0.076256, 0.045505, 0.073846, 0.008616, -0.081417, 0.113693, -0.139834, -0.145492, 0.178338]
Neuronio 21: bias=0.000000 | pesos=[0.007171, -0.096608, 0.099379, 0.155546, -0.020325, -0.154007, -0.177478, -0.075279, 0.111436, 0.178564, 0.069796, -0.102329, -0.082142, 0.118428, -0.120809, 0.132592, 0.072087, -0.031034, 0.058825, 0.131062, -0.059429, -0.168412, -0.130110, 0.023437, -0.033059, -0.107440, 0.155798, 0.028001, 0.064182, -0.010777, -0.135254, -0.128895, 0.056425, 0.047798, 0.039850, -0.104069, -0.018613, -0.019074, 0.086407, 0.164282, 0.033009, -0.156518, 0.124316, 0.074055, -0.134213, 0.135525, 0.132213, -0.035634, -0.145578, -0.179394, -0.051391, -0.106051, 0.168023, 0.010888, -0.180951, -0.033337, 0.128343, 0.026650, -0.086616, -0.004552, 0.010078, 0.114300, -0.016195, -0.080147, 0.148360, 0.155139, -0.142534, 0.016804, -0.011778, -0.133290, -0.016537, -0.154809, 0.155674, 0.060691, 0.047649, -0.008016, -0.124682, 0.161264, -0.010061, 0.037135, -0.089113, -0.137997, -0.169553, 0.011711, -0.179407, -0.120241, 0.163937, 0.030780, -0.115396, 0.121716, 0.035119, 0.153222, 0.119207, -0.086613, -0.041062, -0.170461, 0.104238, -0.119886, 0.082833, 0.173333, 0.070409, -0.096595, -0.064914, -0.028831, -0.144505, -0.179450, 0.045126, -0.002691, -0.124885, -0.089621, -0.127567, -0.180345, -0.159199, 0.036253, -0.168346, -0.077508, 0.035662, -0.095826, -0.180573, -0.159611]
Neuronio 22: bias=0.000000 | pesos=[-0.061593, 0.112034, 0.078791, 0.052014, -0.043978, -0.108042, -0.082729, 0.000223, 0.036778, -0.041905, 0.118762, -0.122609, 0.143921, -0.134608, -0.137530, -0.052261, 0.067378, 0.141571, 0.078872, -0.069825, 0.046917, -0.037612, -0.117518, -0.053369, -0.088865, -0.027688, 0.101203, 0.001485, 0.029633, 0.172724, -0.090475, 0.116968, -0.116476, 0.089549, 0.054004, 0.072995, -0.008208, -0.051474, 0.034652, 0.116033, -0.016414, 0.092387, -0.111325, -0.145034, -0.010970, 0.149104, -0.148030, 0.071450, -0.019139, -0.147896, 0.086593, -0.179727, -0.009624, 0.004736, -0.134638, -0.052073, 0.059623, -0.165337, 0.024191, -0.124379, -0.112023, -0.000358, 0.043790, 0.054092, 0.059910, 0.173513, -0.183021, 0.077999, 0.000390, -0.041427, 0.135358, 0.080012, -0.109337, -0.067398, 0.120229, 0.171070, -0.048039, -0.123907, 0.007494, 0.069036, -0.144628, 0.134377, -0.107718, 0.076631, 0.158754, 0.027089, -0.141001, 0.061013, -0.041262, -0.006553, -0.185004, 0.076187, -0.122808, 0.150405, 0.050213, -0.026506, 0.133897, 0.004298, -0.109408, 0.032331, 0.020524, -0.064772, 0.112933, -0.074321, -0.128921, 0.089770, -0.014161, 0.103091, -0.166528, -0.076654, -0.150041, -0.030266, -0.009755, 0.020780, -0.173406, -0.150210, 0.146147, -0.049405, 0.167476, 0.081353]
Neuronio 23: bias=0.000000 | pesos=[-0.171519, 0.065453, -0.031035, 0.168635, 0.012540, -0.150741, -0.038353, -0.170904, -0.150569, 0.124177, 0.156277, 0.126629, 0.020535, 0.049623, 0.054372, 0.013949, -0.133081, -0.025289, -0.093389, -0.011867, 0.071296, -0.008158, -0.120214, 0.098086, 0.070923, -0.116248, 0.012773, -0.044595, -0.007917, 0.128268, -0.158770, 0.090055, -0.022247, -0.025749, 0.114875, -0.021823, -0.130356, 0.016579, 0.005092, 0.007888, -0.014558, 0.092177, 0.093884, -0.006028, -0.129592, -0.178694, -0.156975, -0.001808, -0.135369, -0.060262, 0.010797, 0.179221, -0.179756, -0.141228, 0.061079, -0.017619, 0.012039, 0.059926, -0.178838, -0.128615, 0.030744, -0.180586, -0.131505, 0.016183, -0.117253, -0.177039, -0.069058, -0.062370, -0.071505, -0.028754, 0.168042, -0.076858, -0.119750, 0.127819, -0.180295, 0.077185, -0.105200, 0.173302, 0.019585, 0.132386, 0.036115, -0.139008, -0.107302, 0.137914, 0.014379, 0.180752, -0.011894, 0.104684, -0.157029, 0.106687, -0.076945, -0.063232, 0.116110, -0.063040, -0.038495, 0.083826, -0.042998, -0.057290, -0.060062, 0.054423, 0.120342, 0.175631, -0.082933, -0.119708, -0.161763, 0.107556, -0.112701, 0.068378, -0.045676, 0.143442, -0.123818, 0.154191, 0.150668, -0.094168, 0.052470, -0.003186, -0.002448, 0.095865, 0.111444, 0.106046]
Neuronio 24: bias=0.000000 | pesos=[0.139903, -0.162688, 0.111677, -0.078481, 0.034725, 0.100713, -0.079182, 0.166946, 0.000200, 0.166220, -0.034420, -0.179426, -0.020407, 0.114080, 0.061693, -0.121720, 0.154348, 0.118415, 0.062390, 0.022137, 0.005441, 0.164264, 0.115636, 0.147914, 0.173098, -0.141047, 0.011807, -0.035714, 0.177101, 0.004616, 0.180200, -0.069251, -0.109255, 0.024752, 0.108895, 0.153931, -0.147529, -0.159514, 0.091872, -0.170242, -0.029290, -0.156033, 0.045952, -0.064997, -0.176779, 0.156098, -0.003938, -0.064605, 0.102565, 0.136406, -0.012979, -0.092613, 0.047011, 0.104428, 0.004630, -0.048751, 0.168979, -0.178109, 0.059392, 0.124212, -0.047265, -0.098423, -0.067797, -0.022888, 0.141692, -0.066598, 0.019069, -0.056632, -0.026439, 0.035790, -0.143365, 0.122482, -0.063313, 0.064618, 0.120354, -0.150573, 0.141713, 0.131407, -0.014714, -0.168884, -0.155372, -0.014548, 0.148061, -0.110218, -0.022269, 0.048109, 0.103450, 0.041218, 0.162708, -0.128014, 0.128395, 0.173127, 0.013053, -0.097942, -0.154661, 0.183912, 0.124210, 0.068349, 0.057338, -0.105057, 0.045981, 0.006228, 0.046718, 0.096211, -0.071649, -0.039275, 0.151115, -0.009626, 0.037587, 0.134490, -0.179435, 0.017073, 0.065524, -0.124488, 0.027431, 0.114309, 0.005130, 0.055347, -0.144304, -0.095141]
Neuronio 25: bias=0.000000 | pesos=[0.165790, 0.020006, -0.159001, -0.175804, -0.106243, 0.064574, -0.006222, -0.075945, -0.036927, 0.041712, -0.101444, -0.133958, -0.032220, -0.016398, 0.166428, -0.131017, -0.088180, 0.032080, 0.036605, -0.132798, -0.102844, -0.063769, 0.051871, -0.143272, 0.124478, -0.168854, 0.049478, -0.136327, -0.079136, -0.042926, 0.123652, 0.120992, 0.135128, 0.139447, 0.154541, 0.165724, 0.057386, 0.057738, -0.127752, 0.012533, 0.077197, -0.064544, 0.179942, -0.024683, 0.048408, -0.168889, -0.097967, 0.091587, -0.174111, -0.004621, -0.070026, 0.098233, -0.157700, 0.118483, -0.028773, -0.047620, -0.152785, 0.132585, 0.161812, -0.138325, 0.081676, 0.019851, 0.132379, 0.150640, 0.079098, 0.066292, -0.110278, -0.155125, -0.010582, 0.154444, 0.027797, -0.024041, -0.000682, 0.140994, 0.100527, -0.044639, -0.127796, 0.133559, 0.168413, 0.082266, -0.059331, 0.033983, 0.147840, -0.139302, 0.173834, 0.007430, 0.160262, 0.027232, 0.081460, -0.102981, 0.153005, 0.166436, -0.136473, -0.150140, 0.038245, 0.063655, 0.115729, -0.163846, -0.081866, -0.044571, -0.034511, 0.128083, -0.074628, 0.153566, 0.104877, -0.078836, 0.081587, -0.107394, 0.142952, -0.050093, 0.002203, 0.136278, 0.054866, 0.101489, -0.146370, -0.113208, -0.035262, -0.076478, 0.028909, -0.088632]
Neuronio 26: bias=0.000000 | pesos=[-0.028860, 0.022747, -0.022001, -0.052671, 0.011259, -0.010132, -0.001518, 0.181913, 0.085545, 0.113136, -0.029571, -0.049422, 0.055669, -0.153349, 0.143170, 0.057093, 0.109019, 0.044301, 0.160849, -0.010448, 0.097644, -0.106148, -0.118285, -0.154444, 0.092365, -0.128966, -0.047118, -0.118823, 0.089601, 0.108207, -0.013470, -0.184952, 0.169083, -0.041010, 0.031484, 0.066499, -0.117501, 0.005593, 0.079218, 0.168760, -0.048425, 0.094940, -0.130950, 0.155812, -0.167513, 0.111358, 0.072101, -0.087403, 0.049717, -0.069585, 0.023342, 0.022158, 0.095540, 0.006167, -0.072481, 0.171375, 0.136394, 0.029818, -0.038047, -0.178047, -0.065785, -0.052270, -0.108346, -0.000318, -0.135716, 0.093662, -0.120643, -0.079244, -0.117151, -0.116422, 0.074281, -0.160420, -0.085838, -0.055913, 0.024148, 0.014918, 0.104064, -0.103386, 0.163233, -0.016508, 0.107631, -0.078799, 0.174769, -0.039064, 0.167675, -0.074078, 0.030268, 0.067581, -0.043775, -0.038969, 0.079042, 0.000296, -0.140752, -0.042181, -0.066484, 0.158423, 0.073737, -0.001172, -0.066324, 0.039540, -0.118022, -0.154020, 0.147140, 0.130368, -0.135665, 0.130299, -0.164561, 0.016864, -0.065893, -0.098577, -0.156132, -0.037698, 0.032363, 0.087267, 0.002434, -0.134428, 0.077290, -0.017392, 0.045178, -0.047812]
Neuronio 27: bias=0.000000 | pesos=[-0.048821, 0.079538, 0.137154, 0.138580, -0.133660, -0.048750, -0.113113, 0.104901, 0.094974, -0.135689, -0.162739, 0.142607, -0.167191, 0.117372, 0.051385, 0.060626, 0.004129, 0.181799, -0.017642, 0.000475, -0.043263, -0.097003, 0.012246, -0.152386, -0.024995, -0.074946, -0.055207, -0.137417, -0.139695, -0.086631, -0.132737, -0.101563, 0.057158, 0.069552, -0.026234, -0.090961, 0.111918, -0.074061, 0.002434, -0.176627, 0.112674, 0.142445, -0.141630, 0.107830, 0.022957, 0.139888, -0.114247, -0.076574, -0.133684, 0.117889, 0.174377, 0.014247, -0.080573, -0.165140, -0.035736, 0.028958, -0.044782, 0.117917, -0.175316, 0.112454, -0.135829, 0.181817, -0.070207, -0.137505, 0.144079, 0.113769, -0.161978, -0.182393, 0.050660, 0.089901, 0.044750, -0.057722, 0.147987, 0.150106, 0.010958, 0.122120, -0.079839, 0.143443, 0.145927, -0.178705, -0.026838, 0.125744, -0.009403, -0.017425, -0.152139, -0.135792, -0.070964, 0.107589, -0.119169, 0.066028, -0.122257, -0.074222, 0.044236, -0.149506, 0.163208, 0.020743, 0.106429, -0.061823, 0.146575, 0.053586, 0.141167, -0.129088, -0.070524, -0.044692, 0.107811, 0.141418, -0.129747, 0.131619, -0.020748, 0.011878, 0.093975, 0.030357, 0.020860, 0.093709, 0.066860, 0.177019, 0.011537, 0.143059, 0.047652, -0.102503]
Neuronio 28: bias=0.000000 | pesos=[-0.070681, -0.040302, 0.088492, 0.044946, -0.144337, -0.127622, -0.037339, 0.072365, 0.023209, 0.051084, -0.007753, 0.082808, 0.129664, 0.136343, -0.039667, -0.042189, -0.015572, -0.125648, -0.084982, -0.046429, -0.166728, 0.142621, 0.047878, 0.009219, 0.076505, -0.015094, 0.117481, -0.150012, 0.082236, 0.012646, 0.069236, 0.072385, -0.152903, 0.054145, -0.128629, -0.166451, -0.042829, 0.012503, 0.102781, 0.022843, -0.072123, -0.047771, 0.129407, 0.007806, 0.102065, 0.084188, -0.104010, 0.027591, -0.172506, 0.006109, -0.128304, -0.113399, 0.033219, -0.024444, -0.143158, 0.176234, 0.003143, -0.090680, -0.007678, 0.093040, -0.013472, -0.146391, 0.085329, 0.063867, -0.172375, 0.095265, -0.091071, 0.136666, 0.010666, 0.004521, -0.109731, -0.144264, 0.169426, 0.064523, 0.143308, -0.013983, 0.084359, -0.151555, 0.094407, -0.084403, 0.018395, 0.126459, 0.163502, 0.052598, 0.094606, -0.039632, 0.062195, 0.133423, 0.014828, -0.037281, 0.015329, -0.068592, 0.166331, -0.002649, -0.010267, -0.182444, -0.148844, 0.072658, 0.038076, 0.095925, 0.150402, 0.033476, -0.125044, -0.008541, 0.131502, -0.010274, -0.033859, 0.024931, -0.102017, -0.160485, -0.162506, 0.051343, -0.020126, -0.029922, 0.074288, 0.055407, -0.114476, 0.144491, 0.170739, 0.129828]
Neuronio 29: bias=0.000000 | pesos=[-0.086945, 0.145259, -0.103849, 0.115033, 0.096044, -0.079046, 0.082630, 0.015380, 0.064829, 0.045412, -0.121479, 0.070473, 0.024924, 0.061313, 0.001232, -0.179686, 0.140699, 0.007498, 0.098624, -0.036585, -0.157340, -0.024417, -0.012007, -0.114830, 0.022130, 0.129019, -0.032250, -0.030840, 0.055844, 0.006210, -0.043512, 0.031130, 0.074147, 0.067899, -0.144681, -0.145591, 0.061688, -0.164043, 0.060271, -0.128661, 0.145290, -0.128934, -0.087808, -0.126441, -0.148970, -0.093545, -0.110727, -0.034380, -0.143672, -0.166912, -0.016368, 0.090380, -0.070797, 0.052925, -0.065975, -0.147536, 0.131478, -0.160225, -0.177241, 0.092152, -0.134682, -0.149083, 0.090942, -0.118495, -0.047741, -0.094992, -0.165571, 0.167845, -0.031020, -0.102127, 0.089342, 0.099392, 0.161832, 0.063685, -0.121683, 0.161116, 0.016834, -0.169088, -0.078913, -0.103051, 0.133811, -0.072584, -0.154775, 0.098731, -0.057890, -0.102838, -0.142590, 0.015663, -0.064532, -0.095657, -0.173840, -0.149210, -0.102951, -0.132281, -0.097692, 0.168793, -0.054949, 0.141166, 0.085011, -0.023748, -0.090322, 0.098001, 0.105753, -0.088988, -0.026376, 0.169824, 0.106851, -0.154544, 0.001014, -0.113595, -0.044278, 0.036966, -0.079125, -0.154317, -0.111398, -0.116338, -0.134344, 0.072676, -0.176695, 0.095287]
Neuronio 30: bias=0.000000 | pesos=[-0.026975, 0.085168, 0.037920, -0.151398, -0.007340, -0.060658, 0.081976, 0.164044, 0.053200, -0.007443, -0.080357, -0.121158, 0.072676, -0.149687, 0.027806, 0.161723, 0.126745, 0.136624, -0.074871, 0.090881, -0.113433, -0.182277, 0.097487, -0.161506, 0.170680, 0.104620, 0.123983, 0.142215, -0.111631, -0.012484, -0.071441, -0.088820, 0.168945, -0.089184, 0.062196, -0.151667, -0.137738, 0.047547, 0.044653, 0.013811, 0.129930, -0.183056, 0.164132, -0.116075, 0.098355, 0.178541, -0.069343, -0.099522, -0.168620, 0.059894, -0.017496, 0.093725, 0.088746, 0.056282, -0.069860, 0.012493, 0.020328, 0.078443, -0.002713, 0.011085, -0.007729, -0.165873, 0.135706, -0.152451, -0.064062, -0.133897, 0.077865, -0.023819, -0.037187, 0.031604, -0.069875, -0.029561, 0.094220, -0.091051, 0.092947, -0.164421, -0.142661, -0.005217, 0.027107, 0.080976, 0.105126, 0.097894, 0.058059, 0.096905, -0.179619, 0.070057, 0.152673, 0.172922, -0.155209, 0.129106, 0.018440, 0.153977, -0.113162, 0.006049, 0.126613, -0.165592, 0.061546, 0.038241, -0.122828, -0.068160, -0.039363, -0.122500, -0.073336, -0.177954, 0.098745, 0.128810, 0.173924, 0.066976, -0.101134, 0.081395, 0.111263, 0.110185, 0.021060, 0.167410, 0.152779, 0.011373, -0.012362, -0.120004, -0.052303, 0.112699]
Neuronio 31: bias=0.000000 | pesos=[0.075563, -0.028544, 0.066797, -0.072123, 0.138653, 0.057188, -0.101994, 0.168830, -0.166934, 0.079241, -0.040623, 0.016397, 0.156208, -0.070344, 0.134183, -0.084245, 0.109867, 0.045382, -0.114369, 0.183195, 0.034943, 0.087338, 0.019165, 0.127204, -0.017463, -0.181665, 0.071977, -0.020886, -0.169108, 0.020999, 0.101737, 0.064317, -0.152591, -0.135609, 0.086069, -0.099518, -0.033529, 0.049826, -0.145876, 0.095417, 0.090647, 0.156427, 0.118144, -0.023439, 0.158154, 0.136628, 0.167529, 0.138234, 0.132964, 0.168070, -0.141200, 0.128813, -0.169289, -0.126655, 0.072705, 0.069845, 0.084024, 0.034733, 0.124658, -0.176544, 0.128284, 0.033503, 0.101278, 0.023844, -0.098093, 0.029276, 0.105589, 0.022657, -0.081483, 0.133652, 0.071290, 0.137569, 0.100846, 0.102640, -0.139478, -0.180232, 0.147224, 0.183776, 0.036042, 0.148712, -0.069845, 0.143933, 0.078747, 0.021239, 0.031783, 0.096402, 0.014184, -0.141007, 0.147112, -0.153770, -0.110891, -0.003859, -0.121986, 0.038034, -0.146317, -0.092277, -0.063342, 0.060749, 0.139871, -0.176363, 0.025910, 0.009455, 0.025120, -0.179888, -0.153938, 0.178940, -0.177841, -0.117274, 0.098274, 0.098614, -0.040970, -0.084926, 0.059634, -0.083273, 0.037183, -0.075653, -0.132602, 0.148317, 0.106521, -0.125010]
Neuronio 32: bias=0.000000 | pesos=[0.109916, -0.036243, -0.101922, -0.006886, 0.030808, -0.048088, 0.115003, 0.103636, -0.019539, -0.084243, -0.129177, 0.160082, -0.091889, -0.001033, -0.123987, 0.177438, 0.063279, 0.026773, 0.034402, -0.007151, -0.172543, -0.094646, -0.029874, -0.101499, 0.008390, -0.176090, 0.003596, -0.116913, 0.060256, -0.088731, 0.033554, -0.081743, -0.140180, 0.015081, 0.020486, -0.025488, -0.091866, 0.137650, -0.136604, 0.082370, 0.115423, -0.181415, 0.064027, 0.054992, -0.029168, -0.016271, -0.041372, 0.025321, 0.111739, 0.066413, 0.096041, 0.125084, -0.007413, 0.174997, 0.133908, -0.163424, 0.148827, 0.004845, -0.031320, 0.061963, -0.060382, 0.135196, -0.004585, 0.148967, 0.032051, -0.131674, -0.104117, -0.084523, 0.157543, 0.165154, -0.066964, 0.130714, -0.098993, 0.148345, 0.163516, 0.012385, 0.161463, -0.058809, 0.021971, 0.044900, 0.078690, -0.114971, -0.034346, -0.072177, 0.047231, -0.183166, 0.062997, 0.056212, 0.047058, 0.014148, 0.093786, 0.095936, -0.008397, 0.119045, -0.171768, 0.025649, -0.139978, -0.145920, 0.042941, 0.087575, -0.074390, -0.096844, 0.097072, 0.095708, -0.032473, -0.047182, -0.020425, 0.040335, -0.029907, -0.061701, -0.141217, -0.153724, -0.130753, 0.158807, -0.002445, 0.141996, -0.072885, -0.094531, 0.128174, -0.087442]
Neuronio 33: bias=0.000000 | pesos=[0.171285, 0.046492, -0.070619, -0.083929, 0.012672, -0.155585, 0.094431, -0.169554, -0.038952, -0.054896, 0.021067, -0.081030, -0.132864, 0.013485, -0.104334, -0.053967, 0.094859, 0.135933, -0.062084, 0.139965, 0.100656, 0.183365, 0.004833, -0.031667, -0.169854, -0.156355, -0.157872, -0.152631, 0.111014, 0.179458, 0.081106, 0.113112, 0.131491, -0.109848, 0.082389, 0.101610, 0.002416, 0.057158, 0.037218, 0.081044, 0.131335, 0.143602, -0.006567, -0.121003, 0.004957, 0.114104, 0.130040, 0.183881, 0.138738, -0.084939, -0.161145, 0.137130, 0.184650, 0.021352, -0.176986, -0.059223, 0.052988, 0.125819, -0.097502, 0.088365, -0.106919, -0.178240, 0.017829, -0.125136, 0.172265, -0.053513, 0.027320, 0.005315, -0.109557, -0.102137, 0.080744, -0.128789, 0.160554, -0.147610, -0.031330, 0.124734, -0.022404, 0.024145, 0.087925, -0.084497, -0.089519, 0.132084, -0.018277, -0.106077, -0.000383, 0.011683, -0.173419, 0.109490, -0.125163, -0.060105, 0.021873, -0.148568, -0.049431, -0.054558, 0.082653, -0.128978, 0.005406, -0.124731, 0.179746, -0.055267, -0.140522, -0.000979, 0.083174, 0.097780, 0.018046, 0.129215, -0.156666, 0.051904, 0.168786, -0.103849, 0.132455, -0.155134, -0.034005, 0.033117, -0.073487, 0.038255, 0.181619, -0.114209, 0.178185, 0.108524]
Neuronio 34: bias=0.000000 | pesos=[-0.147080, 0.079339, -0.161158, 0.136749, 0.147815, -0.076825, -0.137360, -0.058029, -0.169554, 0.046393, 0.057208, -0.003555, -0.135380, 0.097617, -0.085630, 0.064552, -0.117812, -0.159281, -0.053730, 0.064423, 0.053207, 0.053214, -0.033395, -0.069144, -0.149803, 0.071678, 0.103700, 0.075547, -0.115883, 0.062687, -0.002899, 0.137263, 0.024439, -0.183037, -0.087929, -0.052628, -0.047744, 0.123341, 0.159135, -0.183702, 0.142033, -0.161999, 0.070711, 0.100063, -0.003676, -0.015930, -0.096844, 0.073641, -0.017882, -0.016275, 0.024491, -0.123651, -0.037853, -0.181728, -0.150522, -0.082440, 0.165229, 0.105088, 0.096426, -0.058644, -0.158517, 0.024538, -0.057688, -0.141508, 0.045697, -0.105199, -0.135435, -0.170895, 0.148226, -0.110480, -0.136893, -0.025206, -0.080154, 0.042602, -0.114388, -0.025338, -0.153625, 0.062830, 0.078261, -0.167692, -0.154739, -0.118368, 0.011477, 0.170265, -0.031782, 0.138785, -0.166408, -0.009972, -0.084583, 0.024944, 0.174756, 0.113007, 0.027739, -0.129293, -0.005218, 0.132989, 0.154341, -0.117039, 0.017634, -0.146971, 0.040396, 0.124522, 0.116203, 0.124967, 0.112368, -0.138635, -0.071456, 0.122797, 0.069962, -0.141513, 0.122519, -0.073026, -0.024606, -0.019085, 0.165985, -0.079989, 0.114778, 0.054540, 0.096754, -0.162744]
Neuronio 35: bias=0.000000 | pesos=[-0.090854, -0.098488, 0.025467, -0.125255, 0.103679, 0.101575, 0.039220, -0.033469, 0.041888, 0.165065, 0.162244, -0.087151, -0.006072, 0.055015, -0.130581, -0.101465, 0.176329, -0.106378, -0.097970, 0.020025, 0.049581, -0.048728, -0.179219, -0.078080, 0.087923, -0.112746, -0.118544, 0.140575, -0.162978, -0.138516, -0.037989, -0.115242, 0.015501, -0.026131, -0.000095, -0.165096, -0.066887, 0.072676, 0.149746, -0.174564, 0.182510, -0.139816, -0.176887, -0.122593, -0.018879, -0.163175, 0.131786, -0.158746, -0.066519, -0.157451, 0.029241, 0.114432, -0.068874, -0.074879, -0.131260, 0.148199, 0.070270, 0.142309, 0.056413, 0.079729, 0.168141, 0.062516, 0.013390, 0.138421, 0.122736, -0.022174, -0.053577, -0.130805, 0.013187, 0.157582, 0.063160, 0.120265, -0.004843, 0.080071, -0.000439, 0.103179, -0.025028, -0.032379, -0.133635, -0.158711, 0.106989, 0.156873, -0.144819, 0.020046, -0.007232, -0.039832, -0.027220, -0.148880, -0.075759, -0.072689, 0.183110, -0.116608, -0.026300, -0.106342, 0.173046, 0.079401, -0.114739, -0.010932, -0.128126, 0.117016, -0.139742, 0.025700, -0.145166, -0.006617, 0.068814, 0.035049, -0.043636, 0.079387, -0.021112, 0.112214, 0.147743, 0.177662, 0.130251, 0.035399, 0.061316, -0.079205, 0.001622, 0.140508, -0.102091, -0.049676]
Neuronio 36: bias=0.000000 | pesos=[0.137318, 0.129738, -0.040811, 0.025197, 0.162889, -0.009669, 0.039249, -0.078532, -0.041040, 0.137529, -0.091779, 0.034964, 0.123821, -0.136632, 0.066381, -0.071528, -0.091011, 0.127278, 0.123065, -0.015247, -0.018042, 0.183228, 0.014930, -0.106392, -0.011976, -0.167273, -0.066861, 0.174979, 0.044140, 0.163781, -0.133329, -0.067730, 0.051068, 0.008362, -0.172751, 0.159873, 0.104605, -0.046345, 0.051810, 0.016281, -0.002926, -0.157595, -0.096178, -0.100102, 0.146306, -0.136151, 0.127523, 0.067139, -0.142457, 0.033977, -0.162453, -0.043884, 0.183867, -0.019134, -0.081961, -0.012345, 0.123664, -0.157829, -0.161706, 0.153410, 0.077558, 0.092559, -0.137568, -0.169404, -0.144884, 0.102679, 0.069268, -0.036889, 0.145883, 0.013932, 0.149348, 0.008127, 0.083362, -0.052139, -0.005137, -0.104293, 0.058695, -0.116879, -0.061928, -0.016156, -0.169043, -0.147356, 0.131468, -0.001653, -0.157781, 0.014951, -0.087215, 0.147203, 0.036062, -0.167733, -0.160156, -0.070662, -0.078308, -0.086150, -0.011712, 0.092679, -0.074115, -0.178366, 0.104156, 0.016327, -0.182456, -0.122203, -0.149338, 0.126228, 0.117796, -0.042177, -0.048829, -0.157194, 0.035884, -0.046956, -0.101755, -0.154676, 0.057256, 0.174883, -0.064082, 0.147686, 0.112481, 0.175862, -0.136614, -0.068784]
Neuronio 37: bias=0.000000 | pesos=[-0.013099, -0.129038, 0.100563, 0.099451, 0.040913, -0.028914, 0.009295, -0.031325, -0.015787, 0.097201, 0.155616, 0.114534, -0.040853, -0.040416, 0.180919, -0.002459, -0.045088, -0.145133, -0.046445, 0.017782, 0.054614, -0.181413, -0.143133, -0.098917, 0.069039, -0.112489, 0.089238, 0.122168, -0.009258, -0.104767, 0.134926, 0.158527, 0.135211, -0.090429, 0.183598, 0.153089, -0.168863, -0.024244, -0.169763, -0.071384, -0.061106, -0.155298, -0.012789, -0.179025, -0.009692, -0.076692, -0.071842, 0.135872, 0.000089, 0.097973, 0.179995, -0.165535, -0.153807, 0.004011, -0.031564, 0.127938, 0.058237, -0.114696, -0.015045, -0.023285, 0.116591, -0.080028, -0.002202, 0.009640, 0.096276, -0.121936, 0.029603, -0.016664, 0.143719, -0.049981, -0.080298, -0.041664, 0.163156, 0.132040, 0.016068, -0.117566, 0.076724, -0.111322, -0.010775, -0.040191, -0.020685, 0.156770, -0.017201, -0.184608, -0.168184, -0.036012, 0.015016, -0.157403, 0.165813, 0.103459, 0.061734, 0.157181, -0.058797, -0.067454, 0.143422, -0.169961, -0.162118, 0.024036, -0.030812, -0.014252, -0.171443, -0.121333, -0.164419, -0.077431, -0.092479, -0.145272, -0.167205, 0.068531, 0.002304, -0.046406, -0.171772, -0.012252, -0.015844, -0.025423, 0.116848, 0.050214, 0.079234, -0.162978, 0.067340, 0.106873]
Neuronio 38: bias=0.000000 | pesos=[0.054690, -0.077209, 0.004888, 0.103782, -0.152224, -0.107116, 0.082120, 0.088136, -0.005014, -0.051831, 0.031027, -0.030595, -0.126795, 0.070904, 0.076533, -0.022203, -0.151464, -0.066678, -0.166841, 0.066862, 0.136362, -0.049548, 0.130260, 0.168784, 0.125110, 0.072849, -0.159020, 0.170889, -0.016816, 0.031949, 0.128567, 0.107300, 0.134483, 0.025263, -0.106572, -0.151447, 0.134794, -0.016848, 0.023929, 0.144179, -0.103804, -0.050417, 0.051780, 0.034674, -0.050030, -0.159139, -0.112831, 0.077710, -0.058185, -0.006207, -0.064403, 0.061835, 0.113919, -0.084244, 0.099926, 0.178921, -0.046337, 0.052809, -0.078801, -0.001560, 0.054943, 0.153091, -0.047172, 0.131987, -0.059915, 0.148848, 0.055372, 0.092040, -0.051489, 0.112682, -0.073883, -0.141298, -0.146006, 0.003014, -0.001529, -0.150737, 0.123599, 0.009961, -0.083426, 0.014529, 0.177796, 0.018315, 0.115528, 0.055002, 0.006789, -0.000156, 0.047967, -0.085984, -0.183976, -0.123451, 0.171246, -0.057438, 0.067070, -0.007177, 0.086905, 0.014201, 0.054389, 0.062716, 0.129537, 0.040836, -0.018293, 0.029509, 0.092419, -0.145486, -0.030639, 0.019169, -0.158521, 0.120135, 0.169118, -0.142150, -0.123824, 0.047778, 0.119505, -0.065938, 0.166049, -0.016002, -0.152305, -0.051313, 0.033671, -0.082014]
Neuronio 39: bias=0.000000 | pesos=[0.117103, 0.050365, 0.144832, 0.127851, -0.140204, 0.085635, 0.161924, -0.176231, 0.030489, -0.172258, 0.054061, 0.019583, -0.079976, -0.172951, 0.080236, 0.021001, 0.079491, -0.086136, -0.158889, -0.027416, -0.039403, -0.080723, 0.140719, 0.010263, 0.019971, -0.178380, -0.032856, -0.127727, -0.061431, 0.028671, 0.049297, 0.005420, 0.134402, 0.017183, -0.180959, -0.003555, -0.003061, 0.083740, 0.071192, 0.173000, -0.099668, -0.144571, -0.079114, 0.140521, 0.114574, -0.008385, 0.075857, 0.184835, 0.063613, -0.033816, 0.158071, -0.035890, -0.173579, -0.072766, 0.154840, 0.173510, 0.097179, 0.056496, 0.145185, -0.125317, 0.017788, -0.016122, -0.118320, -0.126129, 0.019347, 0.178257, 0.031429, 0.176970, -0.158406, 0.007257, 0.121664, -0.094386, 0.076930, -0.053277, -0.003257, 0.028236, -0.118094, -0.177475, -0.124011, -0.093144, 0.064941, -0.054081, -0.095215, -0.086838, 0.159493, 0.087635, -0.076682, 0.100038, 0.065423, -0.111397, -0.181540, 0.065238, 0.022867, 0.049243, 0.032337, -0.073726, -0.003222, -0.165107, 0.003583, 0.141082, 0.170925, 0.039670, 0.077164, 0.139061, -0.091214, 0.180366, 0.167151, 0.174211, -0.051520, -0.088914, -0.145640, 0.178808, -0.071187, 0.032192, -0.048279, -0.023251, -0.087116, 0.109394, -0.015295, 0.069338]
Neuronio 40: bias=0.000000 | pesos=[-0.001183, -0.165834, -0.077947, 0.071478, 0.144138, 0.100714, -0.130193, -0.076219, 0.029590, -0.046430, -0.100239, -0.044424, 0.153389, -0.178726, 0.141770, -0.083021, 0.046376, 0.176800, -0.040015, -0.043035, 0.005628, -0.050416, -0.134112, 0.027278, -0.048679, 0.102247, 0.021035, -0.154225, -0.050595, 0.132669, 0.064135, 0.037318, 0.080007, 0.075138, -0.176528, 0.022841, -0.154278, 0.033874, -0.005561, 0.154982, 0.015270, 0.165137, 0.072970, 0.057413, -0.164771, 0.023243, -0.157717, 0.121028, -0.173149, -0.039208, -0.165801, 0.000646, -0.006651, -0.023609, -0.042670, 0.045615, 0.024249, 0.050898, -0.184371, 0.079217, -0.002572, 0.075737, 0.117192, -0.071509, 0.083525, 0.028349, 0.094825, -0.039705, 0.034283, 0.110218, 0.089624, 0.001743, -0.176732, -0.159296, -0.008352, -0.006618, -0.140593, -0.052194, 0.010540, 0.007526, -0.107578, -0.017576, 0.136026, 0.151474, -0.088826, 0.118246, 0.175030, -0.154137, -0.108218, 0.021586, 0.137368, -0.011888, 0.150554, 0.031413, -0.060712, 0.107104, 0.183555, -0.172189, -0.134293, -0.157833, 0.033801, 0.046395, 0.024367, -0.160398, -0.148183, -0.034618, 0.041697, 0.055349, 0.180033, -0.048138, -0.180299, 0.092959, -0.104464, 0.162806, -0.126934, -0.116665, -0.096966, 0.137711, 0.164018, -0.177836]
Neuronio 41: bias=0.000000 | pesos=[0.061309, -0.042060, -0.077364, -0.148635, -0.075028, 0.078324, 0.018566, -0.032864, -0.178447, 0.050953, -0.120640, -0.129648, 0.127890, -0.049050, -0.100423, 0.047404, -0.029832, 0.020019, -0.123293, 0.090607, -0.000212, 0.016871, -0.028319, 0.173390, -0.019255, 0.155141, -0.054203, -0.046758, 0.176080, 0.125672, 0.019145, -0.031061, 0.093307, -0.120388, 0.081006, -0.136852, -0.184305, -0.014746, 0.012123, -0.158985, -0.114563, 0.022454, 0.175364, -0.152702, -0.000815, 0.073565, 0.085609, -0.080889, -0.065460, 0.169820, 0.056857, 0.007793, -0.097917, -0.094781, 0.089816, -0.064360, -0.067228, -0.048768, 0.081493, -0.016986, -0.170696, 0.174376, 0.088902, -0.117454, -0.150690, 0.138689, -0.055818, 0.144481, -0.094742, 0.127683, -0.166373, -0.000141, -0.171670, -0.064365, -0.157389, -0.030877, -0.026047, 0.095741, -0.083221, 0.047733, -0.143302, -0.060610, -0.042417, -0.171302, 0.088285, -0.048470, -0.158688, 0.006932, 0.017746, 0.184976, 0.038529, -0.027525, 0.112559, 0.099447, 0.150187, 0.160729, -0.114628, -0.107275, 0.161669, 0.145622, 0.150691, 0.087182, -0.176453, 0.132878, -0.089303, 0.179015, -0.005488, -0.046577, -0.065594, 0.072561, -0.063722, 0.070765, 0.002663, 0.093363, 0.149653, 0.059930, 0.015600, 0.035301, 0.161832, 0.176003]
Neuronio 42: bias=0.000000 | pesos=[0.036422, -0.025715, -0.013977, -0.000257, -0.178136, 0.095458, -0.133061, 0.101303, 0.081521, -0.163856, -0.097280, -0.163334, -0.116464, -0.022727, -0.146720, 0.123154, -0.136723, -0.016385, 0.056300, -0.183488, -0.114197, 0.156735, -0.126312, 0.014444, 0.144397, 0.071412, -0.041426, -0.119262, 0.066062, -0.058116, -0.098797, -0.116396, -0.007687, 0.039377, -0.085295, -0.141229, -0.131126, 0.095681, 0.116829, 0.131011, -0.099270, -0.176458, -0.139896, -0.143934, 0.139492, -0.141492, -0.126194, 0.106954, -0.041912, -0.143860, -0.168780, 0.098180, 0.079088, -0.098637, -0.103171, -0.087159, 0.021120, -0.168823, -0.139637, 0.094538, 0.074774, -0.173684, 0.102827, -0.007213, -0.133282, -0.082312, 0.047533, -0.148236, -0.040876, -0.075888, -0.018622, 0.154292, -0.032347, 0.044538, -0.129544, -0.123635, 0.185025, 0.163989, -0.153976, 0.150676, -0.117013, -0.034766, -0.141791, 0.167371, -0.182199, 0.063335, -0.032442, 0.010627, -0.121770, 0.094687, -0.156360, -0.024380, -0.077630, 0.044451, -0.102345, -0.105996, 0.124091, 0.070290, -0.027297, -0.010276, 0.167567, 0.048170, 0.113398, 0.007167, -0.091223, -0.040877, 0.101409, -0.153160, -0.042577, 0.057063, 0.009326, -0.103854, -0.000410, -0.028893, -0.060503, -0.032194, -0.154804, -0.155909, -0.099998, 0.050403]
Neuronio 43: bias=0.000000 | pesos=[0.064855, 0.173561, -0.080223, -0.091153, -0.131001, -0.132377, -0.133887, 0.174600, 0.006444, -0.132618, -0.084190, -0.064825, -0.087301, 0.182282, 0.009264, 0.086079, 0.184023, -0.050515, -0.018043, 0.077307, 0.000102, -0.160353, -0.014018, 0.109007, 0.012653, 0.130742, -0.040736, 0.000198, 0.169513, 0.120741, -0.053715, 0.164410, 0.100100, -0.057127, 0.050029, -0.164210, -0.137481, 0.022104, -0.069710, 0.106198, -0.049010, -0.085652, 0.103900, 0.017309, 0.106382, -0.070577, 0.041464, -0.174915, -0.055568, 0.008579, 0.109906, -0.010143, -0.177533, -0.056959, -0.025873, -0.126879, -0.042728, -0.013265, -0.030189, 0.010377, -0.130971, 0.150197, -0.011688, -0.161171, -0.006232, 0.034606, -0.166852, -0.050298, 0.105840, 0.047168, -0.035515, 0.121277, 0.116928, -0.121203, 0.125058, -0.072656, 0.183886, 0.007162, 0.036762, 0.007694, 0.067197, -0.148605, -0.058986, 0.035483, 0.128170, -0.112876, 0.181179, 0.146101, -0.049420, -0.094300, 0.181456, -0.042121, -0.035233, -0.051042, -0.176524, -0.019478, -0.075782, 0.060130, 0.163186, -0.072475, 0.051762, 0.070125, 0.042742, 0.027351, -0.083734, -0.015152, -0.033350, -0.030720, -0.013054, -0.138906, 0.158402, 0.180725, -0.056861, -0.097966, 0.004760, 0.023258, 0.108932, -0.000953, 0.161423, 0.048805]
Neuronio 44: bias=0.000000 | pesos=[-0.093769, -0.179307, -0.003998, 0.050994, -0.084623, 0.015975, 0.038255, -0.095823, -0.041699, -0.060834, 0.066150, -0.072907, -0.166869, -0.059411, -0.077581, 0.057865, 0.016486, -0.028742, 0.140682, 0.175072, -0.177538, -0.133781, -0.027876, 0.006618, 0.177611, 0.163571, -0.116857, 0.042024, -0.013101, 0.056506, -0.014006, 0.064516, 0.065014, -0.098373, 0.096518, 0.148096, -0.127706, 0.148034, 0.054917, -0.059941, 0.004905, 0.008075, -0.114598, -0.095595, -0.097921, 0.093224, 0.091893, 0.001199, -0.007804, -0.093678, -0.170938, -0.119877, -0.160621, 0.082600, 0.066735, 0.126517, -0.042583, -0.172525, 0.112806, -0.075054, -0.146875, 0.178422, 0.005443, -0.007449, -0.131102, -0.151987, -0.170062, 0.107868, -0.007843, -0.138772, -0.161429, -0.144983, -0.107920, -0.109476, -0.179874, -0.023707, -0.102830, -0.030003, 0.149799, 0.003810, -0.057267, -0.049754, 0.103689, 0.114590, 0.077955, 0.168928, -0.120148, 0.013954, 0.100311, 0.094902, 0.106641, 0.048591, 0.160285, 0.040017, -0.080301, -0.092847, 0.030696, 0.155322, -0.009106, 0.172965, -0.149475, -0.088872, 0.020455, -0.085820, 0.181257, -0.163775, -0.057097, 0.123441, -0.051618, 0.012870, -0.009369, 0.148129, 0.176237, 0.038917, 0.060042, -0.004865, -0.179121, -0.109026, 0.011207, 0.131661]
Neuronio 45: bias=0.000000 | pesos=[-0.098307, -0.073113, 0.023072, -0.001779, 0.090771, -0.168708, 0.133969, 0.038410, 0.031817, -0.084322, 0.012023, -0.175170, 0.130754, 0.093462, 0.097796, -0.155251, 0.060427, 0.006935, -0.036595, -0.156291, 0.140960, -0.040297, 0.133150, -0.050462, 0.168488, 0.031618, 0.150108, 0.055989, -0.072773, -0.006158, 0.150616, 0.004696, 0.010348, -0.142192, 0.136510, -0.043788, -0.073633, -0.078257, 0.152348, -0.057927, 0.014265, 0.003358, 0.076694, -0.008966, -0.079505, 0.168239, -0.076519, 0.046431, -0.092935, 0.184917, 0.127287, 0.183676, -0.016770, 0.029021, 0.136668, -0.004216, 0.108612, -0.073213, 0.147889, 0.060821, 0.158314, -0.073096, 0.076524, -0.078671, 0.107892, 0.101858, -0.077583, -0.116834, -0.134597, -0.047659, -0.158772, 0.020931, -0.025894, -0.152616, 0.117160, 0.149351, 0.038489, 0.118120, -0.105396, -0.154889, 0.124221, -0.168291, -0.160431, 0.019014, -0.028926, 0.014614, -0.136895, 0.043411, -0.165738, 0.148397, -0.023309, -0.180874, 0.018936, -0.021563, -0.078599, -0.067816, 0.167309, 0.152882, 0.040793, -0.082450, 0.119140, -0.075975, -0.101919, -0.018607, -0.036954, 0.121051, 0.079964, 0.107118, 0.092205, -0.090437, 0.110657, -0.103546, -0.179465, -0.105727, 0.010216, 0.052967, 0.046930, 0.129442, 0.145389, -0.119766]
Neuronio 46: bias=0.000000 | pesos=[-0.029914, -0.069570, 0.132765, -0.020811, -0.142501, -0.029311, -0.179379, -0.018788, -0.045270, 0.109030, -0.005143, -0.099664, 0.047317, 0.025752, 0.005944, 0.170527, -0.101372, -0.114405, -0.173569, -0.051113, -0.055736, -0.032423, 0.104269, -0.115095, 0.151122, 0.006493, 0.069293, -0.170202, -0.025876, 0.023400, 0.139111, -0.161698, 0.164189, 0.002927, -0.130469, -0.083343, -0.128488, 0.041999, 0.006007, -0.012603, -0.026109, 0.125016, -0.037706, 0.117082, 0.009770, -0.070073, -0.128793, -0.009858, 0.176870, 0.141060, 0.154952, 0.131433, -0.062661, 0.054444, -0.134438, -0.052842, -0.026951, 0.012874, -0.171136, -0.171828, 0.168779, -0.017125, 0.149416, -0.155633, -0.010656, 0.068919, 0.113003, 0.105368, -0.051882, -0.072787, -0.106685, 0.068668, 0.018815, 0.130826, 0.143193, -0.142886, -0.017134, -0.166818, -0.048061, 0.029270, -0.183971, -0.179396, -0.140975, -0.164513, 0.125480, 0.022842, -0.181328, -0.009690, -0.144934, 0.182708, -0.095993, 0.048658, 0.051094, -0.104924, 0.116469, -0.091980, 0.041990, 0.036355, 0.129690, 0.053079, -0.068934, 0.050066, -0.081648, 0.029124, 0.116659, 0.164222, -0.041478, -0.120314, 0.180079, 0.006406, 0.064441, -0.091097, 0.064006, 0.134137, -0.046275, -0.025124, 0.059566, -0.094807, -0.144033, 0.109578]
Neuronio 47: bias=0.000000 | pesos=[-0.176252, -0.008017, 0.086311, 0.167129, -0.105291, 0.073507, 0.003745, -0.041103, -0.156067, -0.025135, -0.128200, -0.025427, 0.030649, 0.028286, -0.157093, -0.139077, 0.098413, -0.007178, 0.179894, 0.019314, 0.092825, -0.126013, 0.047401, 0.009128, 0.164794, -0.043232, 0.100043, -0.099694, 0.062619, 0.081427, -0.046455, 0.060322, 0.124084, 0.181613, 0.033188, 0.139260, -0.098118, 0.117507, 0.169114, -0.157518, 0.063327, 0.042191, 0.099519, -0.012383, 0.132464, 0.102350, -0.147468, -0.080961, 0.097586, -0.066076, 0.150411, 0.087177, 0.069885, -0.183000, 0.017003, 0.065403, 0.028492, 0.077334, 0.102051, -0.164163, -0.143241, -0.107432, 0.081378, 0.123460, -0.174420, 0.141059, 0.032583, -0.065398, 0.104191, -0.044053, 0.034700, -0.092655, 0.038840, 0.113396, -0.052555, -0.039353, 0.149087, -0.168950, 0.166287, 0.020918, 0.148550, -0.035125, 0.078787, -0.167802, 0.042136, 0.082765, 0.029469, 0.129644, 0.016050, -0.080114, 0.094116, -0.138280, -0.182725, 0.134194, -0.040300, 0.136246, 0.088114, 0.050734, 0.100018, -0.043159, -0.134254, -0.123720, 0.025683, 0.070195, -0.085417, -0.067563, 0.011937, -0.010161, -0.070596, 0.135185, -0.104721, 0.063548, -0.090355, 0.108746, 0.135295, 0.144111, 0.020559, 0.183903, -0.064402, -0.054882]
Neuronio 48: bias=0.000000 | pesos=[-0.030319, -0.144349, 0.036070, -0.178630, 0.178317, 0.045214, -0.016694, 0.070021, 0.074842, 0.062526, -0.081886, -0.164696, -0.149083, -0.082664, 0.054387, 0.146640, -0.159556, 0.121937, -0.001810, -0.099816, 0.008543, 0.027623, -0.060477, 0.031402, -0.073419, 0.036337, -0.140585, 0.071201, 0.172128, 0.118928, 0.101571, 0.044604, -0.080831, 0.024734, -0.045465, -0.118404, -0.095600, -0.122289, 0.025446, 0.109808, -0.085318, 0.061977, -0.165056, -0.065216, 0.180825, -0.004675, -0.183888, 0.134822, 0.020919, -0.055325, -0.028994, -0.170425, 0.025815, -0.072180, 0.141194, -0.174699, -0.043601, -0.074815, 0.038284, 0.073860, -0.178345, 0.140459, -0.099497, 0.169133, -0.170252, -0.066197, 0.063735, -0.045285, 0.077003, -0.004975, -0.159744, -0.065843, -0.026879, -0.104428, -0.103469, -0.139527, 0.157950, 0.078659, -0.175041, 0.168072, -0.129587, 0.014357, -0.044660, 0.111383, 0.090742, 0.047595, 0.169373, 0.159476, 0.032318, 0.133036, -0.038105, -0.027158, -0.114698, -0.176251, 0.045157, 0.074565, -0.070623, 0.161152, 0.124977, -0.015578, 0.169338, 0.005116, -0.053328, -0.127016, 0.122784, 0.043840, -0.150594, 0.003692, 0.046604, 0.023750, -0.057423, 0.004993, 0.150112, -0.166792, 0.081171, -0.171498, -0.178204, 0.055603, 0.100042, -0.100200]
Neuronio 49: bias=0.000000 | pesos=[0.156989, 0.075532, -0.181871, 0.044917, 0.096269, -0.140036, -0.024259, 0.020767, -0.071828, -0.062573, -0.132374, -0.030328, -0.118171, -0.147182, -0.120228, -0.180151, 0.157647, -0.000128, 0.094045, 0.146511, 0.148342, -0.010171, 0.015374, 0.078916, 0.171228, -0.104225, -0.113476, 0.094137, 0.033259, -0.177200, -0.046669, 0.079329, 0.074358, 0.019635, 0.074467, -0.028509, 0.118389, -0.118058, -0.183529, -0.171817, -0.008935, -0.009282, 0.013469, 0.157328, 0.176779, 0.003556, 0.068778, -0.134427, -0.183489, -0.095364, 0.106340, 0.016517, -0.175308, 0.001428, 0.140090, -0.168174, -0.178698, -0.172057, 0.165581, -0.123594, 0.100781, 0.050314, 0.170222, -0.086959, 0.132826, -0.045543, -0.176563, -0.071982, 0.063190, 0.182571, 0.125777, -0.116838, -0.060827, -0.053984, -0.095288, -0.183301, 0.137671, 0.070118, -0.077061, -0.004692, -0.131167, 0.165692, 0.168802, -0.037282, 0.142181, 0.163836, 0.081395, 0.176968, 0.136974, 0.004420, 0.155073, -0.170523, 0.077363, 0.019529, 0.149264, -0.114488, 0.061502, -0.175272, -0.081712, 0.154507, -0.015299, -0.014427, -0.028124, -0.128562, -0.176183, -0.102678, 0.140277, 0.146708, -0.084144, -0.031830, 0.168239, 0.031563, -0.127559, -0.144036, 0.030725, 0.086378, -0.119615, -0.061835, -0.072229, -0.154178]
Neuronio 50: bias=0.000000 | pesos=[-0.175871, -0.128737, -0.171976, -0.092096, -0.119529, 0.181134, 0.100598, 0.013595, -0.136942, -0.170516, 0.130411, -0.088028, 0.174096, -0.043285, 0.129642, 0.020552, 0.112487, -0.175711, -0.104942, 0.174290, 0.038064, -0.029469, 0.081986, 0.087254, 0.181719, -0.046831, -0.137765, -0.040543, -0.038452, 0.067307, 0.088162, 0.046421, 0.167749, 0.088035, 0.008909, 0.147564, 0.032363, 0.045117, 0.135414, -0.179363, -0.125205, -0.109529, 0.022643, 0.065607, 0.166046, 0.009854, 0.146126, -0.006394, -0.100301, -0.012381, 0.103781, -0.178186, 0.049380, -0.039896, 0.130223, -0.071936, -0.013781, 0.098513, 0.023957, -0.061161, 0.052296, 0.060783, -0.143353, 0.013066, -0.131959, 0.031527, 0.044210, -0.165694, 0.132487, -0.154882, 0.132953, -0.128609, 0.065851, -0.068259, 0.102685, -0.030045, -0.115654, -0.040834, -0.057841, -0.052976, -0.098990, 0.173013, 0.084353, 0.166214, -0.159531, 0.133344, 0.145692, 0.112567, 0.131777, -0.129844, -0.149714, -0.092916, 0.042322, -0.152943, 0.106836, -0.063757, -0.052303, -0.049104, -0.120623, 0.005257, -0.147585, -0.133815, 0.042058, 0.045712, -0.168206, 0.012284, -0.054978, -0.045339, 0.110747, -0.156603, -0.134972, 0.174807, 0.032466, 0.081450, 0.085866, 0.007780, -0.115971, 0.143389, -0.025664, 0.060860]
Neuronio 51: bias=0.000000 | pesos=[0.151484, -0.015965, 0.101398, 0.070582, 0.039441, -0.126487, -0.125653, -0.166287, -0.041688, 0.012606, -0.158902, -0.122640, 0.145892, -0.119352, -0.177354, -0.179622, -0.153572, 0.157848, 0.059453, -0.014854, -0.033661, -0.043337, 0.178109, -0.000374, -0.181731, 0.129641, 0.168302, 0.111328, -0.125456, 0.072852, 0.062704, -0.165218, 0.008953, 0.108118, -0.058691, 0.044869, 0.081695, -0.051120, 0.180093, -0.000386, -0.126422, -0.184839, -0.153637, 0.120892, -0.004713, 0.026566, -0.038835, -0.051145, 0.134129, 0.122548, 0.162649, 0.084108, 0.000444, -0.069041, 0.065256, 0.059084, 0.161090, -0.001337, 0.082783, -0.078373, -0.163438, -0.046122, -0.153400, 0.158181, -0.036743, -0.084816, 0.138011, 0.132925, -0.097716, -0.079061, -0.082769, 0.160076, 0.101718, -0.112269, -0.092594, -0.020358, 0.166168, -0.123822, -0.033514, 0.172526, 0.176152, 0.152397, -0.073411, 0.021840, -0.108987, 0.141745, -0.062213, -0.052422, -0.072603, 0.045430, 0.135757, 0.034680, 0.183357, -0.080006, 0.119682, 0.135311, 0.142552, -0.178715, 0.002513, -0.000773, 0.106575, 0.138781, -0.053586, -0.080687, -0.157963, -0.123400, 0.032755, -0.133789, -0.081888, 0.005144, -0.056645, 0.147974, 0.030658, -0.045276, 0.170175, -0.047406, -0.148285, 0.022266, -0.097293, -0.069392]
Neuronio 52: bias=0.000000 | pesos=[0.138233, -0.147820, 0.170853, 0.017596, 0.136062, 0.161549, -0.136514, -0.113705, -0.163911, -0.091230, -0.025958, 0.151386, -0.014487, 0.095389, 0.174933, -0.061014, 0.131544, 0.169545, 0.112925, -0.062135, -0.061904, 0.121201, 0.131924, -0.018532, 0.164648, 0.087591, 0.100669, -0.170625, 0.105285, 0.089745, -0.044374, -0.119749, -0.023029, -0.136241, -0.056171, -0.017392, -0.026901, -0.079362, -0.025829, 0.141843, -0.083022, -0.165824, 0.046128, 0.069336, -0.011876, -0.087024, -0.012162, -0.047330, -0.154047, -0.158833, -0.141963, -0.000159, -0.045061, 0.056233, -0.091890, -0.157793, 0.062573, -0.031223, 0.091593, -0.002799, 0.075890, -0.111195, 0.183349, -0.026560, 0.159053, 0.062623, -0.102598, 0.172582, 0.155883, -0.125974, -0.185124, -0.101207, -0.099596, -0.127189, -0.092079, 0.022451, 0.060976, -0.102278, -0.125161, 0.052590, -0.070491, -0.088589, 0.098565, -0.088883, 0.126759, 0.057898, 0.178608, 0.005794, -0.048653, -0.175495, -0.114071, 0.132298, 0.108872, 0.055761, -0.044483, 0.131857, -0.148782, -0.034940, -0.059522, 0.142000, -0.167362, 0.130561, -0.117035, 0.182099, 0.130324, -0.070547, 0.130125, -0.169489, -0.122812, 0.125259, 0.093205, 0.129653, 0.053451, -0.113940, -0.076874, 0.035183, -0.167831, 0.152273, -0.117567, -0.119206]
Neuronio 53: bias=0.000000 | pesos=[-0.026002, -0.148665, 0.162769, -0.164937, -0.126178, 0.134291, 0.065188, 0.062362, -0.161804, -0.173952, -0.184645, -0.096534, 0.102429, -0.056318, 0.108341, -0.090646, 0.009012, 0.038630, 0.132342, -0.163078, 0.048048, -0.039015, -0.049514, -0.071587, -0.167439, 0.122969, 0.128329, 0.131303, 0.113932, -0.040175, 0.087877, -0.114541, 0.131257, 0.175889, -0.063551, -0.004756, 0.079704, 0.108731, 0.121040, 0.115493, 0.007855, 0.183616, 0.151575, -0.099892, 0.039538, 0.059072, 0.112234, 0.150473, -0.121449, 0.107112, -0.140055, 0.069486, 0.050412, 0.165060, -0.011379, 0.009601, -0.072759, -0.178906, -0.096427, 0.142398, -0.176915, -0.053195, 0.008158, 0.018643, -0.013328, 0.175570, -0.008735, 0.125889, 0.054055, -0.062244, -0.071625, -0.042480, -0.152316, -0.025392, 0.181620, 0.128929, -0.010457, 0.031778, -0.018671, 0.077234, -0.000589, -0.166865, -0.018252, 0.080724, -0.104667, -0.036635, 0.079724, 0.182319, -0.176519, -0.057889, -0.094905, -0.162375, 0.135826, -0.146149, 0.166199, -0.067671, 0.032119, 0.036011, -0.100374, 0.179685, -0.123944, -0.132849, -0.124696, 0.057835, -0.030132, 0.041612, -0.176778, 0.065195, -0.093469, 0.005483, -0.129827, -0.114691, 0.068592, 0.030480, 0.047665, 0.072633, 0.025222, 0.100671, 0.009483, -0.166332]
Neuronio 54: bias=0.000000 | pesos=[-0.001125, -0.099560, -0.045149, -0.005504, 0.071010, -0.089626, -0.168338, -0.093056, 0.100418, -0.119065, 0.110318, 0.007251, -0.130922, 0.024145, 0.112135, 0.155073, -0.108728, 0.092817, -0.082598, -0.038956, 0.092986, -0.165913, -0.016039, 0.088582, -0.004757, 0.149119, -0.138918, 0.074787, -0.064871, 0.068873, 0.081278, 0.099475, 0.118029, 0.118621, 0.172027, 0.146954, -0.172244, -0.108689, 0.064245, -0.123925, 0.019106, 0.047528, -0.128814, -0.065383, -0.118338, 0.137707, -0.128976, -0.086535, -0.076970, -0.107460, 0.002524, 0.080840, 0.181922, -0.050274, -0.045613, 0.077936, 0.139896, 0.099080, 0.010027, -0.087375, -0.139206, -0.000345, -0.099949, 0.154884, -0.142346, -0.157134, -0.095198, 0.083872, 0.139626, -0.098489, -0.167240, 0.001628, -0.095307, 0.152402, 0.024831, 0.006589, 0.047954, 0.113809, -0.140188, 0.032543, 0.182015, 0.000939, 0.173429, 0.175092, 0.145960, 0.116297, 0.159457, -0.020292, -0.094620, 0.184772, 0.163255, 0.129912, 0.130234, -0.181158, 0.137118, -0.014198, -0.140234, -0.104749, -0.143910, -0.020138, -0.151862, -0.051368, -0.015992, 0.055974, 0.009225, 0.135663, -0.081994, 0.022893, -0.120566, -0.159160, 0.071173, -0.023433, -0.033147, -0.175265, -0.026117, -0.170674, -0.161994, 0.054461, 0.006227, -0.178297]
Neuronio 55: bias=0.000000 | pesos=[0.014261, 0.056188, 0.063037, 0.129963, -0.098126, -0.061496, -0.122472, 0.069955, 0.157141, -0.166963, -0.149199, -0.151769, 0.023486, 0.146631, -0.109623, -0.122102, -0.033216, -0.067438, -0.107384, 0.019437, -0.170029, 0.023470, -0.139493, -0.014007, -0.158743, -0.105204, -0.078351, -0.066073, -0.137539, 0.153740, 0.126090, 0.112503, -0.100971, -0.031339, -0.104754, -0.126805, 0.069437, -0.149901, -0.167884, 0.082105, -0.106052, -0.182000, -0.117127, 0.159614, 0.004417, 0.018627, 0.019743, -0.065452, -0.049569, -0.118387, 0.184960, -0.173401, -0.177647, -0.097408, 0.136545, -0.036640, 0.128133, 0.087972, -0.169428, 0.053524, 0.028658, -0.159354, -0.048389, 0.065918, -0.154379, -0.063122, -0.013044, 0.118222, -0.079908, 0.114490, 0.064786, -0.173787, -0.175099, -0.064928, -0.002859, 0.124672, -0.048121, -0.125789, 0.141328, 0.005978, 0.047239, 0.125523, -0.112723, -0.101109, 0.011407, -0.032913, 0.123887, 0.039319, 0.128510, -0.100524, -0.139911, -0.079923, 0.152454, -0.052146, -0.098689, -0.029841, -0.023760, -0.054448, -0.099486, 0.093747, -0.077224, -0.118915, 0.178128, -0.001060, 0.185097, -0.127524, -0.007600, -0.106258, 0.156291, -0.164487, 0.015853, -0.161147, 0.057917, 0.006626, 0.011706, 0.103486, 0.119215, 0.130589, -0.151834, 0.143152]

--- Camada 2 (saida, 26 neuronios) ---
Neuronio 1: bias=0.000000 | pesos=[-0.210425, 0.229048, -0.081170, 0.221458, -0.117086, -0.111456, 0.162155, -0.178144, -0.036360, 0.030814, -0.256573, -0.143856, -0.114232, -0.113408, 0.178352, -0.188377, 0.012425, 0.160518, -0.045532, 0.196928, 0.156036, 0.108166, 0.036974, 0.099281, 0.216189, -0.138349, 0.179924, 0.083049, -0.239210, 0.255597, 0.169214, -0.122013, -0.029681, 0.157161, -0.093308, -0.036504, 0.012348, -0.245520, 0.082686, -0.125791, -0.035764, 0.266468, 0.037632, 0.014971, 0.054705, 0.055363, 0.002223, -0.192767, 0.254064, -0.238966, 0.255578, -0.016743, -0.012211, -0.202000, -0.020137]
Neuronio 2: bias=0.000000 | pesos=[-0.109791, 0.183295, -0.079379, 0.087331, 0.230765, 0.086014, -0.193761, -0.078899, 0.159778, 0.104894, 0.106712, 0.043497, 0.156559, 0.235651, 0.010838, 0.158731, 0.072356, -0.003241, 0.178277, 0.013377, -0.266572, -0.012238, 0.174666, 0.196846, 0.097732, -0.157885, -0.194241, -0.261933, -0.192711, 0.048406, 0.093894, 0.135802, -0.255270, -0.039607, -0.036670, 0.197235, -0.212054, -0.201743, -0.091455, -0.025835, -0.100571, -0.182988, 0.033219, 0.008245, 0.196805, -0.135982, 0.213347, 0.057303, 0.203960, -0.225215, 0.104805, -0.015407, -0.160894, 0.188577, 0.058144]
Neuronio 3: bias=0.000000 | pesos=[0.142746, 0.140273, 0.092294, 0.262204, 0.004996, -0.046614, -0.140200, 0.263392, -0.177010, -0.097250, -0.146876, 0.055656, 0.139428, -0.132695, -0.176586, -0.207108, 0.133526, 0.187340, -0.199323, -0.177602, 0.034913, 0.081144, 0.177320, -0.123000, -0.251272, -0.195539, 0.233849, -0.153713, 0.042677, -0.229053, 0.269381, -0.133096, 0.185352, -0.187595, 0.133716, 0.225777, 0.184627, 0.107626, 0.262697, 0.266457, 0.091448, 0.130638, 0.223851, -0.068154, -0.109958, 0.085157, -0.196488, -0.133713, 0.098202, 0.161157, 0.173046, -0.167033, -0.227663, 0.209292, -0.228754]
Neuronio 4: bias=0.000000 | pesos=[0.073606, 0.244302, -0.175314, 0.195013, 0.028454, 0.174903, -0.069107, 0.007783, 0.125671, 0.023625, -0.128249, -0.103442, -0.096023, -0.200270, -0.222619, -0.181666, -0.166007, -0.248159, -0.077939, -0.227576, -0.032432, -0.203192, -0.052653, -0.199548, -0.178381, -0.185254, -0.207931, -0.008515, 0.265423, 0.128888, 0.041900, 0.234925, -0.034505, 0.127154, 0.268677, 0.091729, -0.228203, 0.119357, -0.076718, 0.093304, 0.078566, 0.236903, 0.046407, 0.109894, -0.176218, 0.072661, 0.078544, -0.037577, -0.200401, 0.054336, 0.084606, -0.067772, 0.140675, -0.115821, -0.244028]
Neuronio 5: bias=0.000000 | pesos=[0.257990, -0.015353, 0.149627, 0.172827, 0.255171, -0.086047, -0.045944, -0.091439, -0.250508, -0.184984, 0.131583, 0.060388, 0.192634, -0.013598, 0.230317, -0.030645, 0.061190, 0.128532, 0.021416, 0.106549, 0.081873, -0.214052, 0.229154, 0.264023, 0.173304, -0.166404, 0.104108, -0.025533, 0.185663, 0.209807, -0.009912, 0.015047, 0.059052, -0.271188, -0.098823, 0.249545, -0.061976, 0.077191, 0.058488, 0.239834, -0.065296, 0.079843, 0.059284, -0.152737, 0.185465, -0.159796, 0.022713, 0.188051, 0.119242, 0.123249, -0.263162, -0.204523, 0.227030, 0.116707, -0.169564]
Neuronio 6: bias=0.000000 | pesos=[-0.133475, -0.136064, 0.082470, -0.054327, 0.044071, 0.136870, -0.037050, 0.166376, 0.083219, 0.215130, -0.243307, 0.191650, -0.059722, 0.148802, 0.125794, -0.177182, 0.046464, -0.221234, 0.250234, 0.154832, 0.245442, 0.198733, 0.122839, -0.080481, 0.187077, -0.113675, -0.270266, 0.031318, -0.084862, 0.206510, -0.114538, -0.272013, -0.242030, -0.021822, -0.249681, 0.060222, 0.251586, -0.143225, -0.071837, 0.213802, -0.168590, -0.039708, -0.241700, 0.003931, 0.188202, -0.004735, 0.147805, 0.084798, -0.191800, 0.043190, -0.200626, -0.168880, -0.206730, -0.031861, 0.122113]
Neuronio 7: bias=0.000000 | pesos=[-0.055898, 0.269447, -0.036170, -0.153409, 0.081934, -0.182419, 0.160098, -0.026864, 0.019408, -0.171002, 0.024967, -0.182095, -0.170805, 0.128959, -0.238242, -0.022023, -0.161673, -0.089217, -0.063241, 0.245094, -0.189753, -0.172006, 0.180308, 0.096649, 0.093159, -0.132624, 0.234111, 0.271229, -0.081915, 0.177910, -0.035965, 0.041442, 0.171430, 0.120529, 0.242134, -0.075233, -0.150354, 0.113217, -0.208772, -0.002137, 0.073330, 0.130647, -0.095737, -0.081691, -0.201090, 0.093184, -0.007818, -0.148667, -0.063554, -0.036897, 0.148061, 0.071949, -0.097825, 0.258753, -0.037285]
Neuronio 8: bias=0.000000 | pesos=[-0.213218, -0.095588, -0.041969, -0.223282, -0.261404, 0.124454, -0.235419, -0.044469, 0.231209, -0.267390, 0.037449, 0.016400, -0.254189, -0.209849, 0.256264, 0.112767, -0.137455, 0.024293, 0.130495, -0.244447, -0.050146, -0.085881, 0.096629, -0.110437, -0.200260, 0.109949, -0.070340, 0.012760, 0.235210, 0.234466, 0.176835, -0.266997, -0.270634, 0.112910, -0.101993, 0.017363, -0.198355, -0.219548, 0.188408, 0.073104, -0.244644, -0.223973, -0.151860, 0.174930, -0.063220, 0.103618, -0.073525, 0.271888, 0.056641, -0.222149, -0.044604, -0.156251, 0.178560, -0.079226, -0.158200]
Neuronio 9: bias=0.000000 | pesos=[0.155662, 0.121816, -0.015811, -0.036517, -0.270108, 0.087095, -0.036123, 0.019052, 0.071413, 0.090786, 0.190418, 0.072571, 0.084239, -0.218460, -0.242626, -0.191280, -0.043924, -0.052918, -0.123632, 0.205367, 0.059416, 0.173894, 0.215530, -0.045772, -0.229314, 0.166386, -0.228530, -0.032702, 0.258494, 0.052550, 0.183680, 0.035609, 0.085290, -0.229845, 0.120786, 0.011072, 0.267857, -0.010638, 0.159927, 0.067534, 0.178097, -0.270503, 0.093996, 0.054569, -0.058189, -0.128530, 0.240720, 0.194977, -0.250165, -0.240168, -0.233210, 0.263547, 0.181507, 0.247527, 0.018684]
Neuronio 10: bias=0.000000 | pesos=[-0.112351, -0.019118, -0.140424, 0.206052, 0.069607, 0.236054, -0.164736, 0.114503, 0.258848, -0.186801, -0.196306, 0.057198, -0.119767, 0.062941, 0.186513, -0.239421, 0.212363, 0.092701, 0.113138, 0.180212, 0.014012, -0.049752, -0.233887, -0.155642, 0.014961, 0.197656, 0.182239, 0.245657, -0.013629, -0.150576, -0.145017, -0.191059, 0.165434, 0.219753, -0.032651, 0.265712, -0.050630, 0.110667, 0.219427, -0.116864, -0.138486, -0.114961, -0.053239, 0.098840, -0.044495, -0.017467, -0.080018, 0.107990, 0.099730, -0.091569, 0.205778, 0.106973, -0.111511, -0.026235, 0.268159]
Neuronio 11: bias=0.000000 | pesos=[-0.033945, 0.124304, 0.013438, -0.145506, -0.087010, -0.124280, -0.126767, 0.231825, -0.146376, -0.246206, -0.189415, 0.073121, 0.245190, 0.251616, 0.180183, -0.063800, 0.074638, 0.043659, -0.030241, -0.251832, 0.117730, 0.200815, -0.106140, 0.084011, -0.270759, -0.058468, -0.074230, -0.259770, -0.092894, 0.106847, -0.256495, 0.210372, 0.118125, -0.133009, 0.115850, 0.145069, 0.236844, -0.161816, 0.092186, -0.205676, 0.081038, -0.086903, -0.215782, -0.090151, -0.034756, -0.152444, 0.116245, 0.186640, 0.124771, -0.187863, -0.122729, -0.069042, 0.020996, -0.059957, 0.103796]
Neuronio 12: bias=0.000000 | pesos=[0.124621, -0.200610, 0.075207, -0.231153, 0.093970, -0.124389, -0.044022, -0.097009, -0.230370, 0.004153, -0.093458, 0.041545, -0.132740, 0.225866, -0.016003, -0.152398, -0.074381, 0.113506, 0.016125, -0.125472, 0.169407, 0.155631, 0.013666, 0.009141, 0.147393, -0.172221, -0.260984, -0.006869, -0.117687, 0.037896, 0.252189, -0.118798, 0.217375, -0.245174, -0.176594, 0.101439, -0.013686, -0.159961, -0.192404, -0.053576, -0.008475, -0.179810, 0.102409, 0.229556, 0.196922, 0.053510, -0.175239, 0.181413, 0.068119, 0.190491, -0.012650, -0.240035, 0.252110, 0.252792, -0.110425]
Neuronio 13: bias=0.000000 | pesos=[0.067838, 0.067323, -0.064447, -0.002910, -0.106923, 0.109597, 0.061248, 0.268115, -0.038416, -0.220378, 0.167457, 0.252601, -0.058982, -0.040725, -0.195636, 0.247254, -0.046655, -0.024371, -0.225352, -0.071636, -0.202842, 0.136470, 0.244789, -0.014545, -0.229591, -0.154221, -0.253195, 0.119991, 0.172157, 0.209086, 0.049522, -0.235600, -0.268254, -0.235123, -0.231984, 0.021332, -0.102113, -0.259939, 0.225668, 0.049138, -0.204998, -0.074340, -0.087122, -0.056733, -0.060953, -0.252622, 0.105114, 0.228010, -0.002120, -0.012651, -0.222268, 0.103323, -0.000164, -0.204836, -0.172037]
Neuronio 14: bias=0.000000 | pesos=[0.025586, -0.018990, -0.206844, -0.115930, -0.266211, -0.025676, -0.251668, 0.109974, -0.124601, -0.254065, -0.096116, 0.093572, 0.040597, 0.075749, -0.092949, -0.037895, -0.243354, 0.056511, 0.109142, -0.119217, -0.121062, 0.269200, 0.220329, 0.006496, 0.069899, -0.157290, 0.187124, -0.257589, 0.114778, 0.086322, 0.056519, -0.066404, 0.041163, 0.062844, 0.161427, 0.222625, -0.009942, 0.108554, 0.173084, -0.071839, -0.086386, -0.012357, 0.268431, -0.162950, -0.115607, 0.163677, 0.074873, 0.019352, 0.077647, 0.235550, -0.216747, 0.129200, -0.069519, 0.246361, -0.196936]
Neuronio 15: bias=0.000000 | pesos=[-0.187910, 0.064065, -0.155234, -0.081803, -0.059535, 0.201479, 0.097226, 0.085984, -0.219946, -0.136176, 0.025720, 0.039408, 0.256109, 0.177111, -0.236156, -0.003718, 0.233450, -0.201357, 0.100234, -0.191510, 0.132272, 0.261829, -0.015394, 0.074620, -0.185561, -0.004063, 0.011580, 0.226023, 0.240874, -0.233010, 0.079758, 0.004461, 0.015419, 0.124923, 0.046090, -0.113075, -0.000391, -0.064113, -0.070277, 0.119980, -0.230838, 0.061657, -0.066178, -0.030984, -0.228204, 0.230533, 0.171755, -0.129874, -0.125148, -0.199008, 0.103168, 0.054660, 0.201086, -0.192195, 0.131231]
Neuronio 16: bias=0.000000 | pesos=[0.116222, -0.208980, -0.172153, -0.007236, 0.039005, -0.124864, 0.095928, -0.236393, -0.044897, 0.052611, -0.161618, 0.241068, 0.265368, -0.116486, -0.146163, -0.168455, -0.153967, 0.070487, -0.186264, 0.203248, 0.163650, -0.141723, 0.173548, -0.116585, 0.072194, 0.040822, 0.246292, 0.104545, 0.218725, 0.191577, 0.165038, -0.146733, 0.252058, -0.185963, 0.160009, 0.181311, -0.245210, 0.170092, -0.210862, -0.218096, 0.050435, -0.038707, -0.238492, -0.148486, -0.219992, -0.163544, -0.171755, -0.116237, 0.152091, 0.171002, 0.071603, -0.047632, -0.076989, 0.255707, -0.269447]
Neuronio 17: bias=0.000000 | pesos=[-0.246789, -0.157832, 0.148054, -0.085595, -0.219548, -0.168155, 0.074595, 0.224938, -0.213694, -0.135297, -0.176950, -0.066781, -0.063626, -0.045905, -0.191543, -0.066127, 0.166220, 0.030825, -0.226075, -0.258256, -0.149827, -0.014476, -0.162032, 0.011632, 0.118945, -0.047612, -0.192851, 0.265986, -0.259384, 0.253556, -0.115171, 0.038326, 0.264151, 0.241108, -0.124781, -0.237460, -0.270763, 0.082184, 0.008277, 0.040125, 0.060875, 0.245125, -0.167296, 0.039190, 0.186714, -0.082312, 0.010311, 0.029815, -0.151418, 0.139887, 0.202287, 0.115190, -0.158809, -0.253351, -0.118240]
Neuronio 18: bias=0.000000 | pesos=[-0.088197, -0.058543, 0.077462, 0.212731, -0.158631, 0.128484, 0.210862, -0.064617, 0.005086, 0.171175, -0.254566, 0.118683, -0.039452, -0.179183, 0.076146, -0.261423, 0.184266, 0.217577, -0.203310, -0.097762, 0.089220, 0.064425, 0.178078, 0.201986, -0.148968, -0.190224, -0.037798, 0.249397, 0.123761, 0.254678, 0.129173, -0.005681, 0.193125, 0.141792, 0.264346, -0.183028, 0.178788, 0.199147, -0.089154, 0.124041, 0.098139, 0.223171, -0.067376, 0.212942, 0.023981, -0.263482, 0.162548, 0.079448, -0.230742, -0.189758, -0.238380, -0.139582, -0.191433, 0.146898, 0.202330]
Neuronio 19: bias=0.000000 | pesos=[-0.188230, -0.153166, 0.148478, -0.141477, -0.265662, 0.260789, -0.041734, -0.153397, -0.075559, -0.054096, -0.158058, -0.255548, 0.177067, 0.157610, -0.103017, -0.256581, -0.255550, -0.157137, 0.250203, -0.226087, -0.192557, 0.234921, -0.209433, 0.208997, -0.061112, -0.050330, -0.225739, -0.222636, 0.087188, -0.248917, -0.247863, 0.117866, 0.235810, 0.122998, 0.018300, -0.223468, -0.260528, 0.235389, 0.049479, 0.131522, 0.207393, 0.049708, -0.162985, 0.245312, -0.178269, -0.202211, 0.025655, 0.233212, -0.121958, -0.091119, -0.167419, 0.041897, 0.237429, 0.101937, 0.120175]
Neuronio 20: bias=0.000000 | pesos=[0.192890, 0.182390, -0.194658, 0.062653, -0.177065, 0.172522, -0.042022, -0.175394, 0.248219, 0.146700, 0.175930, 0.100598, -0.255555, -0.203604, 0.035169, -0.086988, -0.160703, 0.054476, 0.066811, 0.100704, 0.260568, 0.143385, 0.261422, 0.169195, -0.250532, 0.204841, -0.000150, -0.161127, -0.193216, 0.260130, 0.214848, -0.139263, -0.215251, 0.142244, -0.254838, -0.257800, -0.165839, -0.246270, 0.153259, -0.259018, 0.056321, -0.212732, 0.069653, 0.239736, 0.116276, 0.141356, 0.093248, 0.022602, 0.035819, -0.174421, -0.199793, -0.004984, -0.216665, -0.074222, -0.027452]
Neuronio 21: bias=0.000000 | pesos=[-0.034740, -0.250496, 0.186146, 0.015964, 0.111803, -0.214767, -0.036180, -0.223750, 0.101236, 0.214422, -0.063320, -0.177881, 0.222689, 0.041717, 0.076120, -0.065901, 0.216938, 0.185766, 0.202026, -0.116542, 0.126982, -0.107094, -0.141133, 0.174918, -0.129447, 0.144516, -0.257401, 0.009642, -0.207474, -0.055695, 0.009977, -0.221058, -0.270277, 0.062638, 0.099155, 0.205057, -0.210046, -0.173640, -0.200901, 0.126311, -0.176502, 0.142732, -0.190648, 0.139855, -0.161564, 0.119885, -0.164228, -0.087399, -0.248663, 0.122726, -0.050613, 0.246039, 0.225310, 0.197465, 0.057941]
Neuronio 22: bias=0.000000 | pesos=[0.132812, 0.020262, -0.016183, 0.264480, -0.035217, 0.259679, 0.196674, 0.188838, 0.003578, -0.261946, 0.055827, -0.134224, -0.222819, 0.061416, 0.238122, -0.085845, 0.029277, 0.140465, -0.199022, -0.202102, 0.060056, -0.172718, 0.162626, 0.088213, -0.149011, 0.049316, -0.269541, -0.035735, -0.083474, 0.208831, -0.096749, -0.247142, -0.162064, 0.210220, -0.097101, 0.265467, 0.248683, 0.136609, 0.091523, 0.214090, -0.105620, 0.092813, -0.255771, 0.270549, 0.080221, -0.127879, -0.023007, 0.047874, -0.225823, -0.109022, 0.222794, 0.178236, 0.210104, 0.130129, 0.181601]
Neuronio 23: bias=0.000000 | pesos=[0.100111, 0.051867, -0.177951, 0.229234, -0.117686, -0.241545, -0.156551, 0.165260, -0.265486, 0.237794, -0.235994, 0.153683, 0.097776, 0.184502, 0.267159, 0.034581, 0.091202, -0.036144, -0.108192, -0.131838, 0.173454, -0.091211, 0.258050, -0.049091, 0.026258, 0.188334, 0.017962, 0.040028, -0.066599, 0.017555, -0.174414, 0.078381, -0.094395, -0.115135, -0.201154, -0.172029, -0.179641, 0.204550, -0.228273, -0.073764, -0.218531, 0.008898, 0.237042, -0.092697, 0.208764, -0.127703, 0.204706, -0.186702, -0.119170, 0.270610, -0.188860, 0.239874, 0.185182, -0.197857, 0.136106]
Neuronio 24: bias=0.000000 | pesos=[-0.087822, -0.262156, -0.003658, 0.256446, -0.196920, -0.005308, -0.056580, 0.265221, 0.066093, -0.048180, -0.258744, 0.232062, -0.214874, 0.265840, 0.104074, -0.125169, 0.213767, -0.266882, -0.045088, 0.263031, -0.061393, 0.223284, 0.267947, 0.112338, -0.037036, 0.000349, -0.086153, -0.261604, -0.203285, -0.033588, 0.153077, -0.185641, 0.183222, -0.156971, 0.029485, 0.117913, -0.254626, -0.077357, 0.129090, 0.030058, -0.014267, 0.224030, 0.218246, -0.198936, 0.262945, -0.167270, -0.017754, -0.182782, -0.190501, -0.148154, 0.068774, 0.130104, 0.057422, -0.153322, 0.145607]
Neuronio 25: bias=0.000000 | pesos=[0.088638, 0.244953, -0.226416, -0.112868, 0.049453, 0.165784, 0.238115, 0.009650, -0.113232, 0.009192, -0.036402, 0.162321, 0.015108, -0.177049, 0.175293, -0.136875, 0.020769, -0.029455, -0.085460, 0.165907, -0.054600, 0.181646, 0.075777, -0.102214, 0.120516, -0.205027, 0.041744, -0.182424, -0.054295, -0.040228, 0.072296, 0.049787, -0.051854, 0.208157, -0.151307, -0.077484, 0.122382, -0.074063, 0.163735, 0.079949, 0.037425, -0.247942, 0.002485, 0.084659, -0.195769, -0.170414, -0.047689, 0.045670, -0.077923, -0.126980, 0.161305, -0.262747, 0.071672, 0.067302, -0.037668]
Neuronio 26: bias=0.000000 | pesos=[0.212917, -0.112239, 0.182166, -0.179931, 0.121582, -0.126596, 0.180953, -0.033144, 0.103042, -0.243828, -0.144019, -0.092083, -0.135458, -0.195034, 0.265999, -0.136978, 0.087241, 0.272131, 0.151344, 0.050147, -0.178364, 0.081372, 0.127365, -0.196440, -0.013797, 0.060969, -0.030940, -0.063097, -0.041723, 0.177314, -0.263416, 0.249789, -0.267693, -0.096116, -0.132171, -0.162238, 0.162820, -0.098317, 0.048480, -0.011937, 0.074246, 0.265940, -0.269854, -0.156789, -0.098075, -0.223992, 0.095778, -0.129387, 0.053910, 0.019457, -0.029746, 0.161822, -0.187697, -0.266727, 0.172913]
