=== Pesos Finais ===

--- Camada 1 (oculta, 55 neuronios) ---
Neuronio 1: bias=0.164277 | pesos=[-0.168179, 0.063839, 0.057599, -0.306898, -0.264610, -0.015525, -0.039710, 0.086835, 0.149534, -0.129457, -0.109635, 0.289676, -0.274835, -0.138951, -0.524687, -0.328459, 0.057034, 0.130142, -0.052245, -0.558308, -0.226172, -0.430452, -0.337513, -0.112642, 0.077807, -0.257403, -0.199570, -0.259614, 0.020415, 0.325083, -0.229220, -0.541737, -0.166406, 0.027518, -0.183194, 0.112946, 0.125488, -0.128450, -0.237680, -0.209142, -0.005111, -0.271635, -0.875327, -0.179606, -0.321394, -0.125739, -0.074898, -0.093222, -0.149120, -0.219717, -0.077698, -0.073828, 0.327056, 0.288211, 0.537608, 0.589435, -0.288855, -0.307359, 0.007005, 0.236219, 0.126138, -0.016219, -0.211461, -0.270472, -0.248943, 0.104504, 0.476183, 0.891706, 0.557154, -0.116890, 0.155192, 0.297145, 0.053603, -0.178722, 0.048355, -0.363927, -0.491526, 0.146675, 0.618450, 1.123433, 0.440494, 0.002932, 0.144819, 0.185560, 0.102765, -0.126574, -0.007939, -0.157822, 0.015049, -0.194390, 0.518256, 0.578490, 0.246653, 0.075786, 0.013192, 0.087385, -0.107149, -0.339500, 0.264097, 0.342993, 0.076716, -0.514082, -0.099603, 0.403758, 0.402016, 0.172625, 0.076934, 0.310741, -0.003041, 0.161250, 0.238461, 0.227869, 0.252614, -0.490238, -1.015807, 0.183779, 0.040318, -0.079308, 0.253147, 0.088844]
Neuronio 2: bias=0.243845 | pesos=[-0.084701, 0.186410, 0.469927, 0.589931, 0.237210, -0.377879, -0.624546, 0.325480, -0.041965, -0.075696, 0.310997, 0.155031, -0.044875, -0.220117, 0.802550, 0.485150, 0.008902, -0.757126, -0.377314, 0.021405, 0.037133, 0.072947, -0.135477, 0.155034, -0.142234, -0.250204, -0.111308, 0.377696, -0.340796, -0.362251, -0.673384, -0.198693, 0.186614, 0.064800, -0.048683, 0.258602, -0.102482, -0.060176, -0.418139, -0.207085, -0.735276, -0.039808, 0.024653, -0.140760, 0.671296, 0.263391, 0.165502, 0.026941, 0.137963, -0.638513, -0.099780, -0.407152, 0.358011, -0.233306, -0.123585, 0.130353, 0.284422, -0.233755, -0.126770, 0.375471, 0.018126, -0.510982, -0.347546, 0.253501, 0.760405, 0.096001, -0.415683, -0.035281, -0.382516, -0.294546, 0.036761, 0.224080, 0.082020, -0.305909, 0.135647, 0.657902, 0.919546, -0.381377, -0.484013, -0.646284, -1.000256, -0.907683, 0.151439, 0.063034, -0.036463, -0.420956, 0.008102, 0.357303, 0.648235, -0.398232, -0.361381, -0.072301, -0.453383, -0.699171, -0.130764, 0.420128, -0.012545, 0.132589, 0.553625, 0.720130, 0.343686, -0.232069, 0.397075, -0.060172, -0.300983, -0.482712, 0.497615, 0.199600, -0.189896, -0.068449, 0.232759, 0.259376, 0.276039, -0.093602, 0.475250, 0.421524, 0.679308, 0.182129, 0.030129, 0.158871]
Neuronio 3: bias=-0.024032 | pesos=[-0.010433, -0.120351, 0.026339, 0.059980, 0.022481, -0.002455, -0.094941, -0.244013, 0.075177, 0.039843, 0.297754, -0.074163, -0.064656, 0.041747, -0.044942, -0.110658, 0.049240, -0.411183, 0.094382, 0.169363, -0.193166, -0.538854, 0.001886, -0.274188, 0.178688, -0.061509, 0.235513, 0.357704, 0.376303, -0.137458, 0.152731, 0.304121, 0.526466, 0.379627, 0.208871, -0.128068, -0.008008, -0.035733, 0.175636, 0.333398, 0.633034, 0.707944, 0.290465, 0.258460, 0.104177, 0.529761, -0.136509, -0.007625, -0.120770, 0.155949, -0.293465, 0.025392, 0.191329, 0.789378, -0.311260, 0.340202, 0.747454, 0.365184, 0.094423, -0.199156, -0.030335, 0.029493, -0.114051, -0.362519, -0.023751, 0.545673, -0.111635, 0.062792, 0.544255, 0.475285, 0.214807, -0.031700, 0.088230, -0.209098, -0.130689, -0.576179, -0.658668, 0.348840, -0.418980, 0.109996, 0.653335, 0.578541, 0.038806, -0.090711, -0.143598, -0.002765, 0.252648, -0.297450, -0.280291, -0.399400, -0.309498, -0.245399, 0.194669, 0.539526, 0.073947, -0.136990, 0.239750, -0.181448, 0.085386, -0.127936, -0.365947, -0.898996, -0.668345, -0.523823, -0.200427, -0.224787, 0.109844, -0.238274, 0.090389, 0.193919, 0.239339, 0.125629, 0.170478, -0.856509, -1.033895, -0.768187, -0.990318, -0.499495, -0.023844, -0.095154]
Neuronio 4: bias=0.012189 | pesos=[0.250082, 0.066256, 0.154255, -0.321617, 0.041807, -0.262545, -0.080294, 0.170364, 0.027570, 0.471261, 0.022343, 0.008799, 0.250815, 0.078704, 0.012524, -0.065471, 0.626385, -0.555488, -0.550724, 0.258877, 0.572979, -0.506916, 0.097602, 0.294994, -0.115947, 0.192253, 0.037665, 0.175183, 0.542030, -0.109140, -0.145306, 0.179274, -0.076013, -0.291652, 0.413726, -0.077981, 0.229505, -0.075823, -0.248199, -0.100919, 0.260113, 0.211016, -0.521651, -0.924062, -0.785958, -0.198364, 0.210762, -0.044661, 0.192992, 0.057283, 0.077671, 0.211366, 0.618564, 1.252457, -0.114677, -0.469450, -0.713785, 0.091709, 0.200446, -0.041453, -0.047234, 0.172420, 0.089323, -0.237734, -0.052258, 0.647844, -0.645946, -0.744690, 0.406250, 0.421722, -0.032104, -0.244070, 0.066759, -0.028755, -0.113553, -0.777202, -0.364482, -0.072866, -0.578177, -0.676145, 0.427128, 0.317865, -0.268885, -0.183879, -0.106211, 0.158771, -0.184824, -0.424363, -0.072474, -0.572765, -1.116574, -0.309425, -0.155243, -0.088243, 0.143241, -0.145588, -0.024944, -0.238020, -0.096954, -0.129039, 0.099635, 0.112449, 0.162245, 0.324078, -0.183872, 0.019835, 0.286283, 0.000028, -0.109420, -0.477371, -0.230345, 0.109391, 0.098048, 0.402226, 0.832462, 0.499795, 0.482348, 0.247321, 0.136724, 0.135936]
Neuronio 5: bias=0.046100 | pesos=[-0.129705, 0.197758, 0.115035, 0.173648, -0.125936, 0.106767, 0.110672, -0.034802, 0.040138, -0.009989, 0.033513, -0.062382, 0.003291, 0.067713, 0.133031, 0.132867, 0.080325, 0.187490, 0.029784, -0.216203, 0.070382, -0.249587, -0.320444, -0.182701, -0.010397, -0.031451, 0.180238, -0.308850, -0.093895, 0.761981, 0.316513, -0.312945, -0.352100, -0.400348, -0.202369, 0.158624, 0.137251, 0.117169, -0.213477, -0.302862, -0.279380, 0.372635, -0.335802, -1.364394, -0.720272, -0.043325, 0.009108, -0.105367, 0.014080, -0.045326, -0.321896, 0.095528, 0.072249, 0.377111, -0.558831, -0.502657, -0.323762, 0.154129, 0.096151, 0.187219, -0.085497, -0.204372, -0.284150, -0.357174, -0.792966, 0.225775, 0.425067, -0.146268, -0.128980, 0.021096, -0.106570, -0.005633, 0.106552, -0.085077, -0.409388, -0.525861, -0.610219, 0.391289, 1.220707, 0.687353, 0.486246, 0.029030, -0.181327, 0.308397, -0.016550, -0.225253, 0.095258, -0.396518, -0.448074, 0.063146, 0.603401, 0.879357, 0.265165, -0.055114, 0.153932, 0.067074, -0.000258, 0.091662, 0.297823, 0.110284, -0.673825, -0.541569, 0.035753, 0.446017, 0.576780, 0.312353, 0.201033, 0.189497, -0.099919, 0.245424, 0.315884, -0.473146, -0.516148, -0.783229, -0.493075, -0.044641, 0.255419, 0.233030, -0.015059, 0.506149]
Neuronio 6: bias=-0.056446 | pesos=[0.147601, -0.096567, -0.403264, 0.072032, -0.413537, -0.510410, -0.328414, -0.415994, -0.398198, 0.200054, 0.178171, -0.043217, 0.118418, -0.305937, -0.525983, -0.150868, -0.171470, -0.454221, -1.060621, -0.542797, 0.209938, -0.008635, 0.096965, 0.287513, 0.260327, -0.148289, -0.178095, 0.055082, -0.369615, -0.033903, -0.808007, -0.647567, -0.501320, -0.516711, 0.208679, 0.008417, -0.073231, 0.384867, 0.203793, -0.570719, -0.075815, 0.991062, -0.097228, -1.196290, -0.567735, -0.343277, 0.019580, 0.102515, -0.019103, 0.154297, 0.282319, -0.169527, 0.068170, 0.298289, -0.218179, -0.302512, -0.553131, -0.608119, -0.076749, -0.012379, -0.286336, 0.138112, 0.065973, 0.409354, -0.295128, -0.108229, -0.040808, -0.103697, 0.666420, 0.037179, -0.143445, -0.005940, 0.035711, 0.384486, 0.144247, 0.318746, 0.506396, 0.429019, 0.644267, 0.381068, 0.586126, -0.226895, -0.330697, -0.243649, -0.080350, 0.214230, 0.593229, 0.583304, 0.173086, 0.479313, -0.186556, 0.754806, -0.027952, -0.286867, -0.012664, -0.024452, -0.125723, 0.010186, 0.133759, 0.048919, -0.300745, 0.000175, 0.490536, 0.690743, 0.474708, 0.388289, 0.215900, -0.015526, -0.115093, -0.127364, -0.130510, -0.135812, -0.749647, -0.562876, 0.385141, 1.359276, 1.412983, 1.011590, -0.185161, 0.240651]
Neuronio 7: bias=-0.039795 | pesos=[0.126824, 0.368201, -0.067603, -0.225159, -0.219388, -0.379277, 0.064591, 0.096555, -0.166110, 0.077176, 0.388342, 0.090385, 0.157394, 0.009756, 0.090967, 0.282245, 0.142415, -0.171518, -0.370848, -0.124770, 0.162803, -0.014807, 0.053132, 0.231328, 0.081269, -0.034294, 0.238090, 0.391809, 0.097583, 0.029794, -0.487228, -0.107613, -0.375266, -0.115466, 0.096636, 0.226712, 0.080229, 0.371635, -0.275952, -0.212181, -0.079473, 0.709672, -0.100177, -0.404351, 0.142907, 0.134586, 0.069026, 0.366509, 0.010766, -0.182400, -0.041829, 0.502041, -0.076466, 1.059210, -0.358061, -0.062162, -0.221347, -0.159106, 0.162380, -0.125282, -0.223806, -0.148969, 0.066977, 0.631448, -0.442591, 0.012696, -0.655736, -0.283654, 0.407648, 0.123952, 0.142406, -0.074318, -0.086612, -0.114305, 0.136439, 0.459363, -0.602844, -0.500324, -0.069579, -0.103210, 0.001733, 0.260425, -0.025098, -0.246433, -0.279155, -0.183723, 0.135025, -0.096831, 0.004736, -0.164868, 0.420981, 0.677393, 0.079718, -0.283957, -0.152115, 0.021245, 0.235574, 0.351131, 0.758716, 0.720074, -0.478014, -0.029902, 0.331379, 0.129964, -0.329849, -0.282488, 0.124095, 0.106741, -0.014428, 0.012966, 0.296154, 0.094715, -0.560346, -0.785406, 0.260582, 0.219406, 0.223826, -0.287597, -0.171800, -0.076763]
Neuronio 8: bias=0.268566 | pesos=[0.351254, 0.313300, 0.387321, 0.241439, 0.292442, 0.159213, -0.309068, -0.150611, 0.190880, 0.053439, 0.217979, 0.204602, 0.037808, -0.281853, -0.086061, 0.076030, 0.539383, 0.380917, 0.126611, -0.193980, 0.214988, -0.127427, -0.010816, -0.128833, 0.107936, -0.445851, 0.097625, -0.116981, -0.166118, 0.702456, -0.054377, -0.347017, 0.189033, -0.204520, -0.468243, -0.071881, 0.046699, 0.072602, -0.228945, -0.562777, -0.371843, 0.223196, -0.298183, -0.471614, -0.327641, -0.384656, -0.240900, 0.106788, -0.165460, -0.005145, -0.284357, 0.164433, -0.341805, 0.187089, -0.299754, 0.032246, 0.084634, -0.617542, -0.292673, 0.314107, 0.064559, -0.435572, -0.191400, 0.243601, 0.260398, -0.309857, 0.085347, 0.618494, 0.098857, -0.450606, -0.190652, 0.361964, 0.036661, -0.295995, -0.076512, 0.098084, -0.066856, -0.262202, -0.133083, 0.359097, 0.278775, -0.040198, -0.153374, 0.386761, -0.084395, -0.333690, 0.085313, -0.314152, -0.586255, -0.868023, -0.568285, 0.078870, 0.154021, 0.029548, 0.069802, 0.127594, 0.305690, -0.041287, 0.687243, 0.341947, 0.199692, -0.254764, -0.109671, -0.072704, -0.023438, 0.020271, 0.066005, 0.271110, 0.191619, -0.046019, 0.277027, 0.192714, 0.619129, 0.632855, -0.306000, -0.307514, -0.299903, -0.054188, 0.125035, 0.092875]
Neuronio 9: bias=0.015397 | pesos=[0.008717, 0.138539, -0.448886, -0.790610, 0.087506, 0.152883, 0.144183, -0.164874, -0.218981, -0.026028, -0.350719, -0.160129, 0.259945, -0.186551, -0.937570, -0.596383, 0.047291, -0.268376, 0.004638, 0.008013, -0.145209, -0.316388, 0.086739, 0.046661, 0.181008, 0.558949, -0.292258, -0.189249, 0.299238, -0.591809, -0.458449, -0.361635, -0.532095, -0.404348, 0.196810, -0.034793, 0.082566, 0.099802, 0.553341, 0.734452, 0.656886, 0.032887, -0.299051, -0.453526, -0.716004, -0.400574, -0.001661, 0.010140, 0.151010, 0.582440, 0.869151, 0.610785, 0.499285, -0.168944, 0.062723, -0.642861, -0.310359, -0.281286, -0.123839, 0.127518, 0.111088, 0.604436, 1.044229, 0.240229, -0.148161, 0.154855, -0.322764, -0.220600, -0.464291, -0.046073, -0.162799, -0.022095, 0.114108, 0.730391, 0.218860, -0.234290, -0.140100, -0.018876, 0.066600, -0.209223, -0.652337, -0.241838, 0.001172, -0.207925, -0.043255, 0.058072, -0.092942, 0.332893, 0.466319, 0.347649, -0.088709, -0.140751, -0.335585, -0.021072, 0.112713, -0.142361, -0.349864, -0.424618, -0.490673, -0.435787, 0.505838, 0.827215, 0.305662, 0.848498, 0.194468, 0.404372, -0.033228, 0.005489, -0.104796, -0.467935, -0.768934, -0.249951, -0.195792, 0.035151, 1.031418, 0.834455, 0.331100, 0.548118, 0.008135, 0.345909]
Neuronio 10: bias=0.078098 | pesos=[-0.199053, 0.021370, -0.522865, -0.049598, -0.023573, -0.259905, 0.053168, 0.141036, 0.760796, 0.424369, 0.033404, 0.008348, -0.188216, -0.543786, -0.231961, -0.073677, -0.251145, -0.794397, -0.258475, 0.931676, 0.576721, 0.895172, -0.058918, -0.163818, 0.033557, 0.048942, -0.200434, 0.038163, 0.429470, -0.184886, -0.035737, 0.539003, 0.632678, 0.334225, 0.265744, -0.009563, 0.227703, -0.089137, 0.065512, 0.281243, -0.337753, -0.068428, -0.061399, 0.319400, 0.027920, -0.268957, -0.377523, -0.137751, 0.046521, 0.211156, 0.461808, 0.409108, -0.234085, -0.647202, -0.026546, 0.031572, 0.024449, 0.147453, -0.263651, -0.065694, 0.252061, 0.350217, 0.677878, -0.130339, -0.035596, -0.469851, 0.037217, 0.191770, -0.252258, 0.302808, -0.223025, 0.157764, 0.023244, 0.327026, 0.331861, -0.415517, -0.236948, 0.061024, 0.252937, -0.226400, -0.487219, -0.528946, 0.142412, 0.303176, 0.301449, 0.109257, 0.191944, 0.429472, 0.392002, 0.237795, -0.335681, -0.489556, -0.011476, 0.029938, 0.212888, 0.263292, -0.437845, -0.493056, -1.204568, -0.634782, -0.176384, -0.223137, -0.190558, -0.024784, 0.187316, 0.395402, 0.297863, -0.013930, -0.160487, -0.657396, -1.151124, -0.656340, -0.087532, 0.474517, -0.007214, 0.283858, 0.173055, 0.137028, 0.003882, -0.105276]
Neuronio 11: bias=0.100082 | pesos=[0.097869, 0.263802, -0.184986, -0.376456, -0.085370, 0.006579, -0.239679, 0.035930, -0.356844, -0.143398, -0.000790, 0.340243, -0.069977, -0.174205, -0.267320, -0.223928, -0.270113, 0.035434, -0.248940, -0.544461, -0.314659, -0.358931, -0.375867, -0.032419, 0.236077, 0.085542, -0.061849, 0.130712, -0.359245, 0.075414, 0.050883, -0.140793, -0.444011, 0.036440, -0.350913, 0.168073, -0.048577, 0.083182, -0.005196, -0.180046, -0.049302, 0.278819, 0.239027, -0.126574, -0.719677, -0.025240, 0.000726, 0.040415, 0.027012, -0.151521, -0.216959, -0.251776, 0.180414, -0.536653, -0.263652, -0.446465, -0.317617, -0.085541, 0.088345, 0.275828, 0.138692, -0.020115, -0.243062, 0.391377, -0.112476, -0.644810, 0.368506, -0.226174, -0.243812, -0.072746, 0.107434, 0.131570, -0.064783, -0.070903, -0.157083, 0.561325, 0.255756, 0.289070, 0.835600, 0.488005, -0.550598, -0.308430, -0.079360, -0.070002, 0.084676, 0.024132, 0.596897, 0.457959, 0.393557, 0.043889, 0.546575, 0.737378, 0.190531, -0.136979, -0.116006, 0.152004, 0.195650, 0.502901, 1.006396, 0.908983, -0.562802, -0.318608, -0.247694, 0.261339, 0.615629, 0.122051, 0.188296, 0.019935, -0.103867, 0.124169, 0.500436, 0.022169, -0.064090, -0.585973, -0.718274, -0.617718, 0.264255, 0.370718, 0.173217, 0.188406]
Neuronio 12: bias=0.130274 | pesos=[-0.177984, -0.219129, -0.498780, -0.071544, 0.190396, 0.598223, 0.508424, 0.136353, 0.163480, -0.150065, -0.083454, -0.038675, 0.074492, -0.573240, -0.498931, -0.250721, 0.020927, 1.125743, 0.453753, 0.224551, -0.262600, -0.357706, -0.408370, -0.049731, 0.237836, -0.140655, -0.301063, -0.631727, -0.184002, 0.804948, 0.584132, -0.235066, -0.172619, -0.315239, -0.422039, 0.150654, 0.129027, -0.156947, -0.040750, -0.450970, -0.333678, 0.012713, -0.126583, -0.410850, -0.434911, -0.309698, -0.097176, 0.233580, -0.019117, -0.002080, 0.034761, -0.063719, -0.788431, -0.322773, -0.448710, -0.316884, -0.468507, -0.176669, 0.041077, 0.085018, 0.116898, -0.269117, 0.018990, -0.440000, -0.641651, -0.703627, -0.582594, -0.056407, 0.044987, 0.077697, -0.299815, 0.271831, 0.123632, -0.084332, 0.088662, -0.128855, -0.383816, -0.804900, -0.690414, 0.478864, 0.396044, 0.416406, -0.043950, 0.157116, -0.205489, -0.094241, 0.289352, 0.160990, -0.290693, -0.190657, -0.140808, 0.341780, 0.508463, -0.001555, -0.130860, 0.063794, -0.197267, -0.221116, 0.189720, 0.170021, 0.906337, 1.586035, 0.708107, 0.518997, -0.045138, -0.115216, -0.467763, -0.023985, 0.184438, -0.159869, -0.012507, -0.092157, 0.502240, 1.301764, 1.682918, 0.704069, -0.094395, 0.128512, 0.058063, 0.066022]
Neuronio 13: bias=0.158176 | pesos=[-0.000768, -0.140937, -0.001570, 0.253143, -0.042565, 0.446907, 0.013025, 0.388731, 0.050953, -0.379933, -0.015281, -0.039725, -0.392923, -0.087640, 0.667040, 0.138724, -0.279373, 0.213167, 0.286155, -0.326918, -0.359865, -0.182934, 0.018282, -0.175950, 0.117971, -0.599480, -0.102656, -0.260896, -0.526079, 0.162130, -0.339615, -0.526019, -0.926728, -0.244275, 0.073980, -0.081121, -0.259945, -0.144307, 0.086801, -0.856284, -0.211712, -0.657840, -0.381940, -0.226548, -0.235714, -0.312520, -0.086945, -0.108167, 0.001358, -0.265035, -0.157030, -1.043977, -0.329800, -0.328076, 0.586453, 0.245711, -0.051332, -0.177543, 0.026721, -0.031582, -0.069005, -0.484412, -0.759457, -0.799378, -0.046049, 0.256232, 0.889451, 0.690456, 0.261908, -0.128805, -0.068162, 0.198785, -0.038310, -0.093887, -0.262676, 0.260938, 0.118942, 0.259424, 0.094974, 0.047324, 0.067693, -0.148791, 0.301843, 0.183887, 0.096664, 0.226468, -0.069154, -0.471522, 0.125007, 0.795913, 0.477899, -0.040677, 0.051797, -0.628573, 0.031491, 0.125393, 0.399065, 0.803875, 0.501576, -0.162209, 0.202835, 0.639944, 0.610002, -0.484663, -0.230831, 0.021444, -0.313058, 0.046644, 0.072891, 0.443374, 0.253639, -0.457534, -0.246487, 0.011638, 0.470727, 0.535130, 0.525989, 0.365274, 0.361963, 0.067453]
Neuronio 14: bias=0.097300 | pesos=[0.161616, 0.140195, 0.295839, 0.553332, 0.374346, 0.481129, 0.486890, 0.820455, 0.057821, -0.357419, -0.228263, 0.108376, 0.054006, 0.027314, 0.925647, 0.212154, 0.008909, 0.852313, 0.617816, 0.202858, -0.269558, 0.071895, -0.160357, -0.149293, -0.069436, -0.167078, -0.149420, -0.472086, -0.113188, 0.589548, 0.489271, 0.310059, 0.295735, 0.376920, -0.042888, 0.010109, -0.077558, -0.324590, -0.338260, -0.419889, -1.197471, -0.381279, 0.350050, 1.148938, 0.605371, 0.695930, 0.117319, 0.235016, -0.061872, -0.340524, -0.218840, -0.160802, -0.884169, -1.065455, -0.530735, 0.121195, 0.768781, 0.636545, 0.031150, 0.127916, 0.001342, -0.572938, -0.487076, 0.187637, -0.616566, -0.176738, -0.038205, -0.386310, -0.376641, -0.146571, -0.088616, 0.140266, -0.064863, -0.358235, -0.232027, 0.166648, -0.167579, 0.219456, -0.157835, -0.676594, -0.632912, -0.150914, 0.220825, 0.168869, 0.155995, -0.376465, -0.924187, -0.300007, 0.067342, 0.450692, 0.465555, -0.040473, -0.176937, -0.127741, -0.124713, -0.000638, -0.042776, 0.328622, 0.183252, -0.244933, 0.172470, 0.058536, -0.391304, -0.412695, 0.076771, -0.101492, -0.174671, -0.079104, 0.129044, 0.129161, 0.149166, -0.022577, -0.367611, -0.512027, -0.129299, -0.549247, 0.080863, -0.068535, -0.065632, 0.113847]
Neuronio 15: bias=-0.041880 | pesos=[-0.025608, -0.167444, 0.019802, 0.409847, 0.133489, 0.260942, 0.678213, 0.222609, -0.073699, -0.200606, -0.187417, -0.107521, -0.119253, -0.143752, -0.365868, 0.417857, 0.484559, 0.285574, 0.451967, 0.859500, 0.383507, -0.128436, -0.166721, -0.444780, -0.244655, 0.132717, 0.536006, 0.000967, 1.178812, 0.395130, 0.320646, 0.141974, -0.042681, 0.369628, -0.095963, -0.119970, -0.216825, 0.274787, 0.087266, 0.370871, 0.867252, -0.032532, -0.454445, -0.156674, 0.139758, 0.342620, -0.048703, 0.177885, 0.025883, 0.402746, 0.117347, 0.165556, -1.089992, -0.244489, -1.409611, -0.616027, -0.217912, 0.404239, 0.177135, 0.018753, -0.171241, 0.344798, 0.538687, -0.104578, -1.092140, -0.304712, -0.883173, -0.639796, 0.132624, 0.302764, -0.016622, 0.066163, 0.067824, -0.032325, -0.026370, -0.863791, -1.242796, 0.031263, 0.025943, 0.339743, 0.800888, 0.505450, 0.000905, 0.117283, -0.061882, -0.139331, -0.494056, -0.300676, -0.353455, 0.182311, 0.337097, 0.609471, 0.100495, 0.522460, 0.257256, -0.028082, -0.143075, -0.500086, -0.627535, -1.023268, 0.106496, 0.540533, 0.024405, 0.247704, -0.365239, 0.090535, -0.402275, -0.099611, -0.036096, -0.389792, -0.268199, -0.403948, -0.264762, 0.315668, 0.738389, -0.129032, -0.450498, -0.058042, 0.219606, 0.120929]
Neuronio 16: bias=0.128028 | pesos=[0.034110, 0.058690, -0.028680, 0.214497, 0.117219, 0.209907, 0.040430, -0.007112, 0.005119, 0.155433, 0.167181, 0.265302, -0.055775, 0.169031, -0.079522, -0.040378, 0.114429, -0.092340, 0.081902, 0.032210, 0.018138, -0.081522, 0.134570, -0.070430, 0.232520, 0.171014, -0.004336, 0.182689, -0.054247, -0.043480, 0.144106, 0.009480, 0.077673, 0.013418, 0.154036, -0.068198, 0.225070, 0.107191, 0.045752, -0.132000, 0.193872, 0.061858, -0.022473, -0.114065, -0.090778, 0.198183, -0.072091, -0.045934, 0.077665, 0.214394, 0.018817, 0.113825, 0.087410, 0.070008, -0.101138, 0.035512, -0.018109, 0.085111, 0.095193, 0.162872, 0.205668, 0.035394, -0.065085, -0.058455, 0.153754, 0.105119, 0.229384, -0.137511, 0.062247, -0.012955, 0.182072, 0.192479, -0.056644, -0.044185, 0.027876, 0.106547, 0.200973, 0.219383, 0.156223, 0.233789, 0.209583, 0.033669, 0.273320, 0.213961, 0.221799, 0.077423, 0.080241, -0.043043, -0.054887, -0.073614, 0.207779, -0.091169, 0.026235, 0.157184, 0.014177, 0.098818, -0.004310, 0.161904, 0.152359, -0.107560, 0.089911, -0.045900, -0.090685, -0.011466, 0.197920, 0.076146, 0.216092, 0.179062, 0.222703, -0.094703, 0.173563, -0.007163, 0.154025, 0.157984, 0.025537, 0.085524, 0.085206, 0.205215, 0.148392, 0.011699]
Neuronio 17: bias=0.133915 | pesos=[0.028378, 0.339576, 0.718961, 0.365180, 0.000047, -0.330384, -0.425015, 0.412816, 0.976224, 0.580866, 0.201820, 0.212425, -0.124561, 0.243624, 1.028462, 0.682097, 0.066978, -0.193237, -0.193462, 0.091654, 0.637258, 0.449876, -0.084164, 0.088896, -0.232681, -0.149705, 0.484500, 1.198106, 0.332215, 0.373489, 0.058698, -0.141074, 0.761067, 0.318654, -0.090143, 0.201528, 0.082537, -0.281255, -0.020816, 0.601434, 0.586818, -0.403935, -0.727056, -1.062589, -0.380463, -0.239589, -0.139214, 0.058595, -0.052223, -0.323701, -0.015509, 0.352738, 0.362036, 0.475024, 0.117517, -0.369221, -0.309003, -0.123888, -0.033390, 0.227418, -0.007252, -0.420157, -0.476465, -0.161890, 0.376968, 0.359219, 0.932144, 0.077430, -0.002211, -0.142681, 0.000860, 0.120159, 0.042708, -0.223372, -0.665798, -1.014763, -0.240389, -0.098954, 0.876392, -0.000821, -0.237142, -0.142100, 0.218107, 0.427536, 0.237645, -0.326738, -0.153094, -0.816002, -0.395368, -0.078984, 0.297705, 0.005043, -0.063727, -0.436574, 0.222480, 0.281784, 0.002356, -0.210477, -0.164599, -0.336973, -0.268641, -1.042432, -0.550273, -0.769513, 0.128898, -0.224714, 0.205956, 0.236694, 0.098683, 0.035416, 0.146967, -0.415455, -0.192880, -0.329846, -0.884203, -0.905621, -0.495737, -0.014863, 0.179892, -0.231562]
Neuronio 18: bias=-0.026757 | pesos=[0.178722, -0.102987, -0.072171, 0.070174, 0.081904, 0.150507, -0.054020, -0.062943, -0.411923, -0.073776, 0.334187, 0.037686, -0.147004, -0.020168, -0.012767, 0.027549, 0.264974, -0.093482, -0.137450, 0.081595, -0.632615, -0.483090, 0.134391, -0.129976, -0.299127, -0.164695, 0.221671, 0.302646, 0.587466, -0.106430, -0.159221, 0.571393, -0.051958, 0.086509, 0.156055, -0.246112, 0.132671, -0.109425, -0.096597, 0.526800, 0.530561, -0.555096, -0.434809, 0.668971, 0.134284, 0.435846, 0.018359, -0.043430, 0.152483, 0.055234, -0.198901, -0.098717, 0.048943, 0.347550, -0.357903, -0.027770, 0.070898, 0.366409, -0.038205, -0.232998, -0.150436, -0.251037, -0.289834, -0.068797, -0.144236, -0.003728, 0.014048, 0.110935, 0.448223, 0.606578, 0.365022, -0.073448, 0.068399, -0.314622, -0.486878, -0.272686, -0.563709, -0.084211, -0.671662, 0.367988, 0.684112, 0.727219, -0.019819, 0.078846, -0.135951, 0.063415, -0.027277, -0.416667, -0.616232, -0.512384, -0.169155, 0.237114, 0.338177, 0.730317, 0.152758, -0.135489, 0.055724, 0.214604, -0.009746, -0.052629, -0.146220, 0.154093, -0.213265, -0.285706, -0.235861, 0.032006, -0.167434, -0.139422, 0.043787, 0.409950, 0.428945, 0.553471, 0.299501, 0.059333, -0.158391, -0.143759, -0.517729, -0.438416, 0.104869, -0.079229]
Neuronio 19: bias=-0.007669 | pesos=[-0.015864, 0.071522, -0.043893, 0.179500, -0.086945, 0.029448, 0.176061, -0.018654, -0.458121, -0.205881, -0.156254, 0.158215, 0.016402, 0.254824, 0.006385, -0.203013, -0.235905, -0.193890, -0.239459, -0.394823, -0.779461, 0.081953, 0.023148, 0.022460, 0.266341, 0.226653, 0.227889, 0.011139, 0.151209, -0.210515, 0.434914, 0.279976, 0.186226, 0.250149, 0.186701, 0.171719, 0.119684, -0.050084, 0.351633, 0.279586, 0.415647, 0.089105, 0.495875, 0.903419, 0.601285, -0.053613, 0.323518, -0.001876, -0.014247, 0.104616, 0.250009, -0.108559, -0.180655, -1.048712, -0.368913, 0.146287, 0.449300, -0.021293, 0.037611, -0.076206, -0.015099, -0.054554, 0.146824, 0.018356, 0.123378, -0.292768, -0.094700, -0.753374, -0.638501, -0.151303, 0.055624, -0.130502, -0.084926, 0.058036, 0.094876, 0.147060, 0.481896, 0.467573, 0.079756, -0.458350, -0.801322, -0.344087, -0.021787, 0.139042, 0.071949, -0.028063, -0.352000, 0.128767, 0.573579, 0.904508, 0.189231, -0.562726, -0.563801, -0.193253, 0.024857, -0.024601, -0.073735, 0.296854, -0.435584, -0.540640, -0.007542, -0.011303, -0.284473, -0.518554, -0.301762, -0.018063, -0.232331, 0.128750, 0.121822, -0.140125, 0.003391, 0.040326, -0.292446, 0.003505, 0.372656, -0.458570, -0.462472, 0.144113, 0.071193, 0.258943]
Neuronio 20: bias=0.005294 | pesos=[0.320551, 0.251373, 0.140931, 0.459841, -0.096195, -0.761611, -0.339917, -0.001978, -0.281786, 0.011008, 0.091340, 0.017620, 0.067744, 0.100719, -0.059270, 0.208600, -0.040164, -0.375988, -0.632420, -0.253961, -0.056862, 0.419828, 0.046966, 0.233750, 0.000335, 0.184245, -0.073682, -0.248852, -0.300463, -0.427581, -0.470759, -0.132248, -0.054279, -0.178565, -0.020938, -0.016262, -0.051829, 0.248437, 0.405795, 0.388347, -0.641136, -0.007981, -0.241961, 0.374617, 0.176991, -0.006827, 0.225631, 0.201858, 0.143835, -0.121508, 0.437271, 0.901606, 0.196477, -0.460174, -0.497653, -0.498515, 0.166929, 0.241109, -0.006559, 0.151160, -0.011888, -0.338399, 0.340336, 1.181107, 0.193247, -0.479567, -0.195323, -0.499278, -0.107298, 0.073215, -0.162122, 0.162587, -0.066416, -0.206871, -0.114776, 0.324173, -0.111526, -0.383904, 0.770950, 0.384643, 0.017685, -0.342691, 0.081979, -0.093181, 0.215762, -0.133810, -0.465276, -0.062278, -0.115484, 0.364928, 0.883121, 0.801166, 0.537644, -0.220074, -0.390619, -0.044036, 0.031537, -0.676131, 0.167874, 0.188335, -0.168102, 0.176729, 0.241338, 0.596107, 0.443941, -0.217584, 0.261786, -0.088848, -0.340085, -0.655982, -0.098144, -0.215862, -0.295133, -0.198038, 0.266612, 0.306811, 0.725486, -0.060242, -0.331274, 0.155841]
Neuronio 21: bias=-0.016737 | pesos=[-0.040508, 0.058549, 0.222192, 0.405770, -0.092861, -0.382637, -0.320738, 0.112943, 0.204927, 0.284891, 0.081531, -0.252983, -0.282667, -0.019238, 0.493746, 0.174878, -0.177702, -0.551997, -0.254585, 0.362631, 0.131885, 0.017679, -0.202197, -0.054223, -0.271854, -0.272721, 0.213634, 0.373205, 0.210924, -0.579357, -0.537760, 0.637636, 0.329937, 0.125985, 0.068952, -0.208301, -0.155825, -0.236940, -0.029056, 0.449158, -0.009017, -0.674978, -0.133605, 0.472077, 0.195448, 0.176280, 0.108468, -0.161904, -0.240056, -0.332690, -0.253867, -0.079150, 0.188303, 0.449161, 0.027402, 0.077412, -0.118664, -0.001469, -0.110714, -0.018071, -0.090945, -0.045804, -0.140330, -0.060114, 0.215602, 0.697542, 0.296639, 0.180634, 0.092753, -0.058700, -0.094809, -0.187251, 0.160786, -0.065140, -0.209364, -0.309101, -0.242279, 0.177525, -0.144449, 0.359999, 0.340441, 0.005583, -0.237618, -0.047462, -0.066248, -0.255915, -0.011981, -0.073182, -0.402273, 0.008664, 0.149846, 0.623278, 0.446714, 0.084252, -0.030504, -0.166190, 0.117695, -0.077250, -0.069259, 0.040156, -0.035087, 0.055038, 0.202846, 0.363055, 0.320692, -0.116766, 0.142062, -0.034835, -0.145858, 0.009781, -0.131175, -0.143105, -0.298779, 0.027620, 0.417048, 0.719709, 0.588854, 0.061237, -0.140447, -0.296390]
Neuronio 22: bias=0.166961 | pesos=[0.098859, 0.241391, 0.325557, 0.398299, 0.208648, 0.089743, 0.197930, 0.014229, 0.333771, -0.052328, 0.259079, 0.148732, 0.207392, -0.225853, -0.130549, 0.209324, -0.149707, 0.764948, 0.757509, 0.159746, 0.158386, -0.007283, -0.004245, 0.015820, -0.043184, -0.062959, 0.295380, -0.067232, -0.206755, 0.773541, 0.026510, -0.188151, 0.071500, 0.187633, 0.027447, 0.186355, 0.064928, -0.051253, -0.281986, -0.410324, -0.667208, -0.345542, -0.472906, -0.067222, 0.150340, -0.218879, -0.235180, 0.218883, -0.028933, -0.224674, 0.338639, 0.059655, -0.379992, -0.844225, 0.141179, 0.285816, 0.669325, -0.538995, -0.198425, 0.027136, -0.128345, -0.256938, 0.525410, 0.507961, 0.245272, -0.747195, 0.192023, 1.112417, 0.237320, -0.496208, -0.040598, 0.290314, -0.082783, -0.073713, 0.587089, 1.033587, 0.442829, -0.456496, 0.388075, 0.027685, -0.363361, -0.120658, -0.037561, 0.278547, 0.135172, -0.370550, -0.266987, 0.121711, 0.185299, -0.202938, 0.050761, -0.359377, -0.307982, -0.296441, -0.100782, 0.113213, 0.116416, -0.392296, -0.076327, 0.003973, 0.110807, -0.353017, -0.158115, -0.696719, -0.596751, -0.233073, -0.141657, 0.291733, -0.237925, -0.515606, -0.383343, -0.058808, 0.267806, 0.185214, -0.751541, -0.306124, -0.045907, -0.235300, -0.011877, -0.025168]
Neuronio 23: bias=0.336906 | pesos=[-0.108689, 0.137851, -0.087381, 0.378738, 0.104167, -0.194864, 0.102520, 0.230314, 0.315327, 0.352204, 0.138156, 0.264093, -0.065550, -0.369208, -0.504099, -0.306028, -0.357940, -0.183379, -0.308530, -0.041808, 0.305484, 0.225874, -0.353493, 0.120953, 0.116042, -0.275736, -0.008972, -0.393406, -0.153156, 0.108302, 0.195439, -0.276584, -0.120665, -0.292380, -0.128564, 0.037497, -0.097588, -0.124503, 0.204604, 0.049929, -0.382178, 0.566893, 0.620057, -0.256897, -0.787766, -0.619511, -0.311124, 0.252905, -0.037949, -0.210112, 0.051379, 0.732932, -0.218035, -0.852714, -0.279101, -0.408519, -0.612544, -0.149173, -0.187439, 0.161464, 0.218191, -0.219990, -0.229312, -0.048086, -0.143765, -0.333889, -0.545340, -0.424843, -0.428811, -0.174442, 0.118151, 0.266392, 0.022412, 0.014812, -0.289674, -0.335292, -0.362042, 0.348294, -0.212570, 0.459718, -0.098132, -0.319293, -0.007566, 0.376883, 0.296183, -0.122254, -0.072298, -0.092174, -0.330911, 0.312454, -0.020895, 0.020760, 0.128882, -0.453335, 0.016583, 0.415426, -0.060525, -0.917009, 0.080984, 0.238071, 0.726196, 1.097413, 0.050001, 0.414137, -0.284480, -0.246892, 0.087589, 0.416973, 0.049718, -0.415132, -0.234454, 0.199879, 0.681441, 0.817380, 0.778725, 0.060447, -0.109124, 0.362096, 0.122985, 0.487926]
Neuronio 24: bias=0.093301 | pesos=[0.289667, -0.135251, 0.213657, -0.303273, 0.168378, 0.575426, 0.209524, 0.521709, 0.259785, 0.232464, 0.191804, 0.090668, 0.296070, 0.295702, 0.068175, -0.094652, -0.112683, 0.185021, 0.217365, -0.032698, -0.049925, -0.060822, 0.117621, 0.360478, 0.401335, -0.142801, -0.176227, -0.175895, -0.051446, 0.456540, 0.320734, -0.158470, -0.190244, 0.092131, 0.188379, 0.268674, 0.060658, -0.148994, -0.361083, -0.635442, -0.090431, -0.000913, 0.455045, -0.109782, -0.410025, 0.012078, 0.093876, 0.060201, 0.297988, 0.156345, -0.269608, -0.753661, -0.209409, 0.103562, 0.011449, 0.095424, 0.005073, -0.215295, 0.112747, 0.199845, 0.106507, -0.157355, -0.546186, -0.570877, -0.524418, -0.148645, -0.438846, -0.672367, -0.095095, -0.114982, -0.112170, 0.230663, 0.044132, -0.068604, 0.236413, -0.239550, -0.025888, -0.061859, -0.464532, -0.890263, -0.796451, -0.133286, 0.071392, -0.025558, 0.034991, 0.122403, 0.068229, -0.002435, 0.602839, -0.452164, -0.153208, -0.421057, -0.266745, -0.291357, -0.139166, 0.276786, 0.272148, 0.308713, 0.033199, 0.230639, 0.200588, -0.212328, 0.195873, -0.409078, -0.160415, -0.118101, 0.088241, 0.072763, 0.123976, 0.233843, -0.079529, 0.333355, 0.440957, -0.083905, -0.015585, -0.493300, -0.200162, -0.108745, -0.083730, 0.046247]
Neuronio 25: bias=0.096693 | pesos=[0.258698, 0.163030, -0.298192, -0.228506, -0.080778, -0.217363, 0.003707, -0.271116, 0.100936, 0.237819, 0.098393, 0.071755, 0.182533, 0.096836, -0.096317, -0.387245, -0.026969, -0.168109, 0.261683, 0.104543, -0.219172, 0.371663, 0.107250, -0.059525, 0.199256, 0.152742, 0.433280, -0.482452, 0.005015, 0.089581, 0.826225, 0.287532, 0.427295, 0.485525, 0.119119, 0.295166, 0.234374, -0.039907, -0.131177, 0.112073, -0.572225, 0.440723, 0.434250, 0.303696, 0.482433, -0.127711, -0.146746, 0.284438, -0.078578, 0.009930, 0.014369, 0.327823, -0.766459, -0.509821, -1.041827, -0.225938, 0.437276, 0.261753, 0.164929, -0.006270, 0.258000, 0.107506, 0.186753, 0.460697, -0.351134, -0.224693, -1.109679, -1.005707, -0.642605, -0.134120, 0.165603, 0.064148, 0.077526, 0.072046, 0.047236, -0.423664, -0.389482, 0.331049, 0.050351, -0.353234, -0.967087, -0.346244, 0.293312, 0.039450, 0.250767, -0.050472, -0.094194, 0.043376, 0.308767, -0.274905, 0.834005, 0.131512, -0.527553, 0.091036, 0.101815, 0.117755, 0.044979, -0.304504, -0.537806, -0.034498, -0.092349, -0.343017, -0.246041, 0.360790, 0.169323, -0.031937, 0.443261, -0.013576, 0.168527, -0.194637, -0.357136, 0.211431, 0.513981, 0.336438, -0.502585, -1.030319, -0.331204, -0.652944, -0.024377, 0.267183]
Neuronio 26: bias=0.093998 | pesos=[-0.082458, 0.340783, 0.304285, 0.253337, 0.387033, 0.244508, 0.063250, 0.734471, 0.292407, -0.033532, 0.006010, -0.246400, -0.237532, -0.246298, 0.172467, 0.534073, 0.329936, 0.404949, 0.202027, -0.244612, 0.261141, -0.161221, -0.535080, -0.325992, -0.066484, -0.107031, 0.069582, 0.523205, 1.299878, 0.443962, 0.105017, -0.700218, -0.343768, 0.041443, -0.415975, 0.042910, -0.242571, -0.055466, 0.126794, 0.644043, 1.073088, -0.051956, -0.767941, -0.123822, -0.884811, -0.001790, -0.234753, 0.027064, -0.079691, -0.175749, -0.013939, 0.458343, 0.399301, -0.200103, -0.107345, -0.216301, -0.647166, 0.067535, -0.157772, -0.063006, -0.118156, -0.156261, 0.164030, 0.527580, 0.075123, -0.362701, 0.122505, 0.114024, -0.548353, -0.409907, -0.015390, -0.074163, -0.090475, -0.265542, -0.224587, -0.055799, -0.111140, -0.329255, 0.733061, -0.142409, -0.145583, -0.247235, 0.168915, 0.045177, 0.275657, -0.452243, -0.583530, -0.106454, -0.132245, 0.061522, 0.454309, 0.288507, 0.009985, 0.166144, -0.003319, 0.253263, -0.045686, -0.115086, -0.243815, -0.486709, -0.275552, -0.287946, 0.296459, 0.357985, -0.052433, 0.425897, -0.128466, 0.104851, -0.026339, 0.054428, -0.047332, -0.197699, 0.131168, 0.622604, 0.116642, 0.017327, -0.005305, 0.206400, 0.103126, -0.181852]
Neuronio 27: bias=-0.005710 | pesos=[-0.073810, 0.194023, 0.247550, 0.462356, -0.092707, -0.012462, -0.125127, -0.231463, -0.555086, -0.588304, -0.243857, -0.079436, -0.238352, 0.276731, 0.368663, 0.292437, 0.151084, -0.116437, -0.434348, -0.398349, -0.957070, -0.025281, 0.109351, -0.152516, -0.078936, -0.063852, -0.044134, -0.248130, -0.172252, -0.514171, -0.191409, -0.045714, -0.505115, 0.262382, 0.235936, -0.141165, 0.052692, -0.161549, -0.172603, -0.195168, -0.302385, -0.115550, 0.117482, 1.003371, 0.849992, 0.485526, 0.268544, -0.044049, -0.166444, -0.328891, 0.102672, -0.288703, -0.029599, -0.175242, -0.150889, 0.186706, 0.037902, 0.096611, 0.164783, 0.087037, -0.182031, -0.243790, -0.304450, 0.027096, 0.463292, -0.025306, -0.916616, -0.450126, 0.203066, 0.268318, 0.086284, -0.113934, 0.004651, -0.039059, -0.277892, 0.297928, 0.137389, 0.246467, -0.456724, -0.160069, 0.174304, 0.236836, 0.064770, -0.063326, -0.138734, -0.220391, -0.616655, -0.135272, -0.361223, 0.624061, 0.101412, 0.205246, 0.187157, 0.192880, 0.205858, 0.038127, 0.179572, -0.089381, -0.160103, -0.312834, 0.206407, 0.697661, 0.554998, 0.182239, 0.028610, -0.099703, -0.160187, 0.118734, -0.106979, 0.163753, 0.044532, 0.129653, -0.240178, 0.288983, 1.018916, 0.622596, -0.032612, -0.007520, 0.119448, 0.194765]
Neuronio 28: bias=0.176884 | pesos=[0.081827, 0.248907, 0.309849, -0.361673, -0.578536, -0.517654, -0.516009, -0.406244, -0.127014, 0.306952, 0.177442, 0.196169, 0.175226, 0.029988, 0.445899, 0.087730, -0.031075, -0.742029, -0.564952, -0.254883, 0.050845, 0.400363, -0.083694, 0.217803, 0.106272, 0.079590, 0.459697, 0.524132, 0.281551, -0.378045, -0.386879, -0.028082, -0.270371, 0.210083, -0.313339, 0.030282, 0.020909, -0.175387, -0.083261, 0.172931, 0.289944, 0.494091, -0.115981, -0.390125, -0.025771, -0.314297, -0.236257, 0.173008, -0.096116, -0.188228, -0.275857, -0.033378, 0.517058, 1.207085, 0.061976, -0.063669, -0.724759, -0.607428, -0.074329, 0.191229, 0.064322, -0.384212, -0.111697, 0.121480, 0.046497, 0.439604, -0.076014, -0.143518, -0.169434, -0.509637, -0.128713, -0.005636, 0.248657, -0.366398, 0.021346, -0.192903, -0.273432, -0.336869, -0.243781, -0.005073, -0.016182, 0.003731, 0.157745, 0.136166, 0.280234, -0.368949, -0.203900, 0.081526, -0.023223, -0.044930, -0.017774, 0.223989, 0.195079, 0.108534, 0.035951, 0.004961, -0.094411, -0.147538, 0.076461, 0.196320, 0.232668, 0.172659, 0.481096, 0.378216, 0.037978, -0.170992, 0.023750, 0.186904, 0.006141, -0.036768, -0.012690, 0.320276, 0.286258, 0.417555, 0.902820, 0.263268, -0.237035, -0.153126, 0.129484, 0.353933]
Neuronio 29: bias=0.297789 | pesos=[-0.071825, 0.121672, -0.214035, 0.109048, -0.167092, 0.046549, 0.189053, 0.407425, 0.545526, 0.330916, -0.169312, 0.184264, -0.075735, -0.128324, -0.319466, 0.015071, 0.136572, -0.062792, -0.233637, 0.028738, 0.592192, 0.319849, -0.214459, -0.018447, 0.116025, -0.027462, -0.216063, 0.142005, -0.109829, 0.094275, -0.087716, -0.480942, -0.357975, -0.063526, -0.366983, -0.007524, 0.096037, -0.196017, 0.019250, -0.526309, -0.083955, 0.373576, -0.065839, -1.043413, -0.837359, -0.910374, -0.273356, 0.114385, -0.036573, -0.298825, -0.091519, -0.119390, 0.015636, 0.293821, 0.357836, -0.519979, -1.258247, -0.938495, -0.312531, 0.291128, -0.011302, -0.252294, -0.236396, -0.475020, -0.101362, -0.072710, -0.020765, 0.058241, -0.170748, -0.790382, -0.127142, 0.396618, 0.286991, -0.045516, -0.284783, 0.264413, 0.267823, 0.271587, 0.063801, 0.062829, 0.264593, -0.326699, -0.070834, 0.399256, 0.227885, -0.410692, -0.268845, 0.069180, 0.326446, 0.628876, -0.115742, -0.182322, -0.311921, -0.557790, -0.043152, 0.465781, -0.021792, -0.270344, -0.006783, 0.103228, 0.281981, 0.734094, 0.454271, -0.237780, -0.188985, 0.092568, 0.093249, 0.179908, 0.161773, -0.304119, 0.023082, 0.139899, 0.213695, 0.819987, 1.001683, 0.568719, 0.120966, 0.558069, -0.093164, 0.361682]
Neuronio 30: bias=0.111095 | pesos=[0.070325, 0.138735, 0.085061, -0.697518, -0.468199, -0.036831, 0.206844, -0.074139, -0.114822, 0.109867, 0.012354, 0.156941, 0.253697, -0.466617, -0.250088, -0.336521, -0.168363, -0.278738, 0.109642, 0.021215, -0.239359, -0.357423, -0.083479, -0.163028, 0.241476, 0.138287, 0.316823, 0.288859, 0.096901, -0.281627, -0.264217, 0.056491, 0.075544, -0.010134, 0.000704, -0.091875, -0.003165, 0.009628, -0.186738, 0.546951, 0.624714, -0.024732, 0.199272, 0.147909, -0.126528, 0.087711, -0.136277, -0.035878, -0.044082, 0.254171, -0.111161, 0.211044, -0.071270, 0.498007, -0.406233, -0.013096, -0.478551, 0.273176, -0.004334, 0.109288, 0.125919, 0.053707, 0.183130, -0.703696, -0.564682, 0.002857, -0.283165, -0.445784, -0.129167, 0.214199, 0.017312, 0.099331, 0.267905, -0.064754, 0.205716, -1.057634, -1.232305, -0.371833, -0.196196, 0.336901, 0.388833, 0.561803, -0.065943, 0.058778, 0.010640, -0.010477, 0.031815, 0.227340, -0.135967, -0.440937, 0.353437, 0.425401, -0.081907, 0.394134, 0.203534, -0.091441, -0.050797, -0.456416, -0.360936, 0.171602, 0.579126, 0.318534, 0.231918, 0.704268, 0.006677, -0.062559, -0.191780, 0.155272, 0.004143, -0.034235, -0.097534, 0.234863, 0.593683, 0.390964, 0.633323, -0.060160, -0.660362, -0.492823, 0.001707, 0.390806]
Neuronio 31: bias=-0.126899 | pesos=[0.029825, -0.258405, -0.223490, -0.021810, 0.107201, 0.322645, 0.349547, 0.553301, 0.145561, -0.083565, -0.049441, 0.130540, 0.453403, 0.060344, -0.142948, -0.444619, -0.231159, -0.149279, -0.003940, 0.182289, -0.083879, -0.049182, 0.008978, 0.265748, 0.148607, -0.159815, -0.085931, -0.419583, -0.475762, -0.411017, 0.465165, 0.503260, -0.285530, -0.276382, 0.175347, -0.110358, 0.085032, -0.048215, 0.011088, -0.016663, -0.191623, -0.245318, 0.343538, -0.016544, 0.227601, -0.041918, 0.321707, 0.027536, 0.204685, 0.199340, -0.070626, 0.263762, -0.215248, 0.332325, 0.598530, -0.106752, 0.025910, -0.176456, 0.169103, -0.330774, 0.198609, 0.182140, -0.018207, -0.220222, -0.084504, 0.293838, 0.869360, -0.062093, 0.398324, 0.022489, 0.043344, 0.049481, 0.098958, 0.204344, -0.189914, -0.245415, 0.284015, -0.113894, 0.189012, 0.454273, -0.028501, 0.262141, -0.032956, -0.186817, -0.019310, 0.238256, -0.137720, -0.259125, 0.225932, -0.271545, 0.062148, -0.278708, -0.052459, -0.075609, -0.325091, -0.218889, -0.242523, -0.306391, 0.334762, 0.560903, 0.170006, 0.062462, 0.247028, -0.750396, -0.806428, -0.176127, -0.512885, -0.255372, -0.006871, -0.260970, 0.189018, 0.512539, 0.051261, -0.192761, 0.358097, -0.270583, -0.548645, -0.162771, -0.037159, -0.298997]
Neuronio 32: bias=0.113235 | pesos=[0.197516, 0.057339, -0.005369, 0.069717, 0.101033, -0.001993, 0.164493, 0.168178, 0.081940, 0.031731, -0.027854, 0.251469, -0.010946, 0.075169, -0.047914, 0.223356, 0.099099, 0.042692, 0.064131, 0.016840, -0.104994, 0.016102, 0.050225, -0.017072, 0.091888, -0.101268, 0.058577, -0.063141, 0.117784, -0.020826, 0.078262, -0.045625, -0.087078, 0.095173, 0.097003, 0.067880, -0.005169, 0.205100, -0.090858, 0.139220, 0.180755, -0.117503, 0.118636, 0.115334, 0.042266, 0.037478, 0.031877, 0.127594, 0.198109, 0.130040, 0.148111, 0.163395, 0.054071, 0.245777, 0.210752, -0.078249, 0.216145, 0.048833, 0.048545, 0.174486, 0.029202, 0.192177, 0.035781, 0.187368, 0.090337, -0.072065, -0.034457, -0.014154, 0.202201, 0.211314, 0.028694, 0.240594, -0.003219, 0.215394, 0.194284, 0.039025, 0.233345, 0.043052, 0.092309, 0.095898, 0.110293, -0.064436, 0.072588, 0.041995, 0.146995, -0.116449, 0.091356, 0.082925, 0.135687, 0.122407, 0.141186, 0.124762, 0.021737, 0.197362, -0.064055, 0.138278, -0.039985, -0.075718, 0.068923, 0.106994, -0.014730, -0.038703, 0.115712, 0.094230, 0.017435, 0.059090, 0.086722, 0.153528, 0.078094, 0.031046, -0.077336, -0.100331, -0.060114, 0.227452, 0.034213, 0.190476, 0.002134, 0.004657, 0.237634, 0.024051]
Neuronio 33: bias=-0.035396 | pesos=[0.283378, -0.029510, -0.073321, -0.267277, -0.005547, -0.458320, -0.344977, -0.684025, -0.187066, 0.021894, 0.203282, -0.183991, -0.160384, 0.288271, 0.246082, 0.380495, 0.399195, 0.213484, -0.126405, 0.493403, 0.433431, 0.449065, 0.296788, 0.053199, -0.138680, -0.120671, -0.074651, -0.175410, 0.005333, 0.513865, 0.101252, -0.037287, 0.219462, 0.411508, 0.125103, 0.131971, 0.052158, 0.098029, 0.012892, -0.349195, -0.028933, 0.089860, 0.136129, -0.143546, 0.526078, 0.271070, 0.120347, 0.259659, 0.107613, -0.234156, -0.241968, -0.124793, 0.169870, 0.071208, 0.168955, 0.344152, 0.296533, -0.141882, -0.168495, -0.033617, -0.056416, -0.263407, -0.015558, 0.163520, 0.447902, -0.764850, -0.226130, 0.481579, 0.286012, -0.229376, 0.173228, -0.184182, 0.107383, -0.273452, 0.278709, 0.636187, 0.348152, -0.177736, -0.371014, -0.009595, 0.301578, 0.135153, 0.133968, -0.033984, -0.145972, 0.124712, 0.191949, 0.163358, -0.225375, -0.015542, -0.438015, -0.472270, 0.322532, 0.078290, 0.125452, -0.139544, 0.246813, 0.342358, 0.368920, -0.513906, -0.261083, -0.324922, -0.018255, -0.730743, -0.284038, 0.044290, 0.044081, 0.006657, 0.255191, 0.222715, 0.125903, -0.419058, -0.426548, -0.088281, -0.686556, -0.230228, -0.359428, -0.615263, 0.164386, -0.110591]
Neuronio 34: bias=-0.007271 | pesos=[-0.190560, 0.335342, -0.238070, -0.106005, 0.027495, -0.167476, -0.122566, 0.002602, -0.231699, 0.054920, 0.074734, -0.175706, -0.095835, 0.122710, 0.348422, 0.082738, -0.086044, -0.553286, -0.153270, 0.271636, 0.248287, 0.261224, -0.029350, 0.045096, -0.170501, 0.225558, 0.068940, 0.482388, 0.241910, -0.636877, -0.005755, 0.247390, 0.255591, -0.218883, 0.014036, -0.028117, -0.053095, 0.133826, 0.106010, 0.296852, 0.144898, 0.345209, 0.308119, 0.239426, -0.046627, -0.044711, 0.011933, 0.075869, 0.052490, -0.157912, 0.074136, -0.134797, 0.062934, -0.151549, -0.449273, -0.496043, -0.121128, 0.230883, 0.186834, -0.052064, -0.138454, 0.080742, -0.011351, -0.018230, 0.365193, 0.740585, -0.737188, -1.309226, -0.692739, -0.312215, -0.176429, -0.092386, -0.014028, -0.020965, -0.194766, 0.063330, 0.246553, 0.172211, -0.678741, -1.810214, -1.496303, -0.621131, -0.051157, 0.124664, -0.011202, 0.235910, -0.310820, 0.196769, 0.273839, 0.259421, -0.404711, -0.265304, -0.648985, -0.420774, 0.074804, 0.149609, 0.196625, 0.303473, -0.007998, -0.231434, 0.061306, 1.012488, 0.995352, 0.278677, 0.383556, -0.026165, 0.114576, 0.095127, 0.151358, -0.005861, 0.237820, -0.408355, -0.339710, 0.135049, 1.375265, 0.451813, 0.932947, 0.325869, 0.188014, 0.248913]
Neuronio 35: bias=-0.021069 | pesos=[-0.027415, -0.042641, 0.025147, -0.359171, 0.096485, 0.014360, -0.139430, -0.107699, 0.304102, 0.275110, 0.335875, -0.056305, 0.169669, 0.402907, 0.043882, 0.197355, 0.183568, -0.373567, -0.357490, -0.399477, 0.113112, -0.015473, 0.118085, 0.001761, 0.227476, 0.096699, -0.302755, 0.466877, -0.206367, -0.083681, -0.130589, -0.586177, -0.368386, 0.000607, 0.358303, -0.117311, 0.070733, 0.210120, 0.255655, -0.148158, 0.226100, -0.254249, -0.477198, -0.130499, -0.425296, -0.244306, 0.446062, -0.230462, 0.006107, -0.102127, 0.226122, 0.103231, 0.633900, 0.017266, 0.670364, 0.418877, -0.300045, -0.037175, 0.269298, 0.023772, 0.243677, 0.140138, 0.039207, 0.280380, 0.849610, -0.290613, 0.258975, 0.132960, 0.160419, 0.379941, 0.123237, 0.101926, 0.022894, 0.170056, -0.055103, 0.363001, 0.430308, -0.388379, -0.000548, -0.619719, -0.179957, 0.117555, -0.103376, 0.014995, 0.062799, -0.000273, -0.285196, -0.272990, 0.379520, 0.196956, -0.080540, -0.878705, -0.236174, -0.289193, 0.230046, 0.059908, -0.030817, -0.204505, -0.543043, -0.142137, 0.026184, 0.121039, 0.177235, -0.922826, -0.474126, -0.005705, 0.000620, 0.049011, -0.029138, -0.103043, -0.113707, -0.050320, 0.014906, 0.010015, -0.029858, -0.234809, -0.175823, 0.421203, -0.038067, -0.199785]
Neuronio 36: bias=-0.007511 | pesos=[0.013657, -0.096681, -0.465725, -0.365992, 0.660420, 0.510319, 0.673455, 0.138959, -0.039518, -0.105547, -0.167003, -0.059333, 0.241838, -0.096864, 0.266229, -0.240746, 0.489806, 0.563372, 0.476437, 0.478546, -0.171111, -0.294801, -0.030523, 0.068290, 0.092092, -0.235979, -0.297352, 0.019351, 0.255536, 0.672975, -0.123956, 0.291387, 0.352023, -0.655095, 0.002039, 0.174922, 0.243677, 0.101634, -0.037817, 0.105605, -0.365655, -0.772350, -0.733228, -0.507562, -0.352820, -0.181212, 0.169118, -0.079773, -0.017832, 0.248626, -0.076513, -0.150627, 0.351626, 0.270307, 0.190304, -0.193612, -0.311150, -0.058180, -0.119411, 0.216987, 0.177138, 0.172846, 0.065627, -0.172669, -0.310708, 0.750156, 0.123227, -0.199620, 0.222360, 0.267207, 0.099066, -0.066558, 0.093592, 0.183115, -0.119581, -0.452420, 0.162931, -0.206495, -0.145856, -0.008276, -0.406220, -0.049460, -0.008545, 0.178934, -0.218942, 0.145340, -0.056121, -0.409029, -0.181598, -0.382888, -0.624568, 0.018808, 0.091132, -0.229004, -0.065111, 0.131360, -0.244110, -0.197347, -0.605973, -1.150964, 0.048179, 0.247572, 0.303129, 0.461685, 0.431194, 0.050288, -0.248896, -0.170386, -0.034217, -0.171773, -0.635711, -0.918851, -0.326043, 0.244571, 0.491719, 1.109034, 0.749783, 0.416593, -0.124208, 0.143964]
Neuronio 37: bias=-0.163485 | pesos=[-0.029045, -0.321369, -0.035730, 0.447366, -0.158893, -0.165189, -0.253931, -0.313026, -0.359661, -0.312624, 0.285197, 0.112104, -0.013814, -0.136863, 0.185773, 0.238829, 0.101412, -0.286102, -0.163942, 0.190449, -0.444957, -0.442647, 0.035727, -0.204026, 0.020819, -0.245708, 0.102883, -0.127257, 0.061773, -0.322996, -0.196283, 0.861004, 0.302397, 0.135460, 0.534472, 0.055082, -0.191477, 0.013258, -0.546570, -0.312048, 0.046118, -0.727075, -0.344027, 0.600500, 0.840127, 0.717554, 0.212408, 0.044336, -0.072888, 0.141387, -0.029620, -0.498933, -0.668848, 0.056109, -0.384029, 0.365649, 0.772852, 0.495554, 0.128913, -0.202164, -0.022578, -0.094789, -0.085151, -0.366390, -0.149700, -0.520205, 0.263227, 0.363030, 0.878057, 0.960250, -0.004719, -0.188885, 0.059391, 0.271799, -0.011105, -0.131139, -0.160784, -0.493552, -0.072239, 0.937426, 1.176978, 0.907700, -0.071585, -0.340627, -0.360223, -0.047024, -0.155929, 0.285587, -0.373640, -0.532930, 0.148046, 0.960993, 0.348837, 0.245130, 0.108997, -0.344570, -0.246575, -0.169233, -0.152523, 0.007345, -0.448845, -0.148761, 0.092165, 0.065478, -0.156092, -0.317724, -0.439262, -0.105856, -0.136810, 0.069104, -0.047664, -0.110826, -0.351995, -0.435868, 0.045148, 0.451387, -0.116134, -0.336128, 0.060960, -0.175108]
Neuronio 38: bias=0.121544 | pesos=[0.045677, 0.203783, 0.136727, -0.021428, -0.487060, -0.530606, -0.426835, -0.433498, -0.090485, 0.427866, 0.186576, -0.110475, -0.311500, -0.066577, 0.463522, -0.228784, -0.342286, -1.039532, -0.694206, -0.058198, 0.213951, 0.149266, 0.433128, 0.169192, 0.091628, -0.268650, -0.293794, 0.131398, -0.543214, -0.702698, -0.103314, 0.531810, 0.509904, 0.424718, 0.087813, -0.133248, 0.065438, -0.412134, -0.281496, -0.128784, -0.413932, -0.179368, 0.202264, 0.432237, 0.612809, -0.234001, -0.078653, 0.027659, -0.109336, -0.363385, -0.433907, -0.202796, 0.488514, 0.207326, 0.768063, 0.673345, -0.325327, -0.356700, -0.110906, -0.037274, 0.095927, -0.026335, -0.168272, 0.197135, 0.574980, 0.022784, -0.077170, 0.355630, -0.198437, 0.069472, 0.001670, -0.054204, -0.068336, -0.074960, 0.215937, 0.121180, 0.209592, 0.335624, -0.719845, 0.085719, 0.389731, -0.117271, 0.261228, 0.061192, 0.134418, 0.070350, 0.343596, -0.069195, -0.423303, 0.028840, -0.839236, -0.394327, 0.237641, 0.336540, 0.298485, 0.142391, 0.318711, 0.306555, 0.037532, -0.276205, 0.000044, 0.234073, -0.073601, -0.755875, 0.143052, 0.343290, 0.427731, 0.234101, 0.339154, 0.169719, -0.374968, -0.083251, -0.093927, 0.029731, 0.123286, 0.316342, -0.278253, -0.187868, 0.214328, -0.062749]
Neuronio 39: bias=0.020229 | pesos=[0.218991, 0.028063, 0.075705, 0.372119, 0.131313, 0.395928, 0.265548, -0.351668, -0.281618, -0.580126, 0.162897, 0.209662, 0.227978, -0.138712, -0.011443, -0.036149, 0.206971, 0.538760, 0.387391, -0.403894, -0.957933, -0.737913, 0.303584, 0.193813, 0.108028, -0.217479, -0.143810, -0.326792, -0.305475, 0.215657, 0.002558, 0.242099, 0.050466, -0.256379, 0.143002, 0.072203, 0.176829, 0.266638, -0.226618, -0.394354, -0.953382, -0.823914, -0.691487, 0.583774, 0.679163, 0.309884, 0.306770, 0.225936, 0.191055, 0.106183, 0.433670, -0.159059, -0.461905, -0.410513, -0.224176, -0.128336, 0.609952, 0.324990, 0.139954, -0.113647, 0.095659, 0.180898, 0.509099, 0.326826, -0.020148, -0.349878, -0.142514, 0.175219, 0.184175, 0.530951, 0.048989, -0.048273, 0.087730, 0.324151, 0.621316, 0.449751, 0.026773, -0.649590, -0.339249, -0.482124, -0.198372, 0.189576, -0.277312, -0.193240, 0.026903, 0.112038, 0.107401, 0.236933, -0.107703, -1.215161, -0.435378, -0.038205, -0.072742, 0.042415, -0.163753, -0.056821, -0.191795, -0.354221, -0.066807, 0.570233, 0.680430, 0.075877, 0.240566, 0.414707, -0.682230, -0.240428, -0.161981, 0.192374, -0.180216, -0.264482, -0.575326, 0.579624, 0.307993, -0.089224, -0.067988, 0.356905, -0.251603, -0.077924, -0.140347, -0.044673]
Neuronio 40: bias=0.076617 | pesos=[-0.032505, -0.193963, -0.181438, 0.352984, 0.111106, 0.282198, 0.131951, 0.134055, -0.057744, -0.127298, -0.214593, 0.030789, 0.155123, -0.242566, 0.075715, -0.019899, 0.188895, 0.397108, 0.024949, -0.161154, -0.528565, -0.188807, -0.247814, 0.004665, 0.044472, -0.183154, -0.259358, -0.451903, -0.276104, 0.305194, 0.818037, 0.329611, 0.091700, -0.150492, -0.391442, 0.047075, -0.148894, -0.116827, 0.139202, -0.129683, -0.333413, 0.887851, 0.858554, 0.090213, 0.121789, -0.011567, -0.204105, 0.152839, -0.168754, -0.207152, -0.522052, -0.188558, -0.366930, 0.576857, -0.027384, 0.336386, 0.088595, -0.100701, -0.176442, 0.125319, 0.091173, 0.002602, -0.256017, -0.420018, 0.094728, 0.658075, 0.361079, -0.396582, -0.222615, -0.132461, 0.140649, 0.091880, -0.123031, -0.380847, -0.086622, -0.411420, -0.369162, 0.348750, 0.217952, 0.431468, -0.016902, -0.034003, 0.019196, 0.310641, -0.153582, 0.071969, 0.230002, -0.378525, -0.645223, 0.004961, 0.340637, 0.207852, 0.146848, 0.080059, -0.009022, 0.165528, 0.189264, -0.214877, 0.331137, -0.328588, -0.324490, -0.300162, 0.022950, -0.275936, -0.255985, 0.079620, 0.133814, 0.108142, 0.252826, 0.167615, 0.495071, 0.510691, -0.339958, -0.047138, -0.113882, -0.373893, -0.402871, 0.019531, 0.238025, -0.012833]
Neuronio 41: bias=0.073258 | pesos=[-0.089108, -0.365584, -0.835813, -0.881528, -0.271277, 0.143594, 0.218702, -0.777983, -0.459094, -0.134233, -0.326421, 0.078597, 0.384252, -0.155238, -1.203096, -0.652370, -0.355661, 0.095009, -0.087346, -0.126242, -0.326501, -0.297623, 0.265593, 0.300258, 0.262455, 0.373920, -0.419408, -0.997503, -0.411871, 0.031040, -0.456272, -0.382007, -0.249742, 0.000121, 0.368925, 0.000902, 0.034355, -0.046524, -0.156787, -0.482562, -0.371520, -0.058592, 0.050138, 0.026639, 0.175446, 0.014484, 0.125981, -0.223902, 0.095546, 0.435271, 0.265371, -0.346673, -0.404068, -0.077893, 0.572216, 0.464348, 0.272748, -0.291274, 0.113366, 0.019508, -0.028211, 0.422663, 0.434007, -0.196726, -0.253624, 0.088291, -0.036572, 0.630154, 0.273066, 0.447840, -0.027615, 0.074962, -0.046855, 0.502187, 0.198335, 0.190582, 0.075154, 0.257182, -0.036296, 0.690491, 0.166280, -0.002583, 0.102082, -0.226470, 0.142437, 0.427735, 0.293078, 0.360482, 0.694003, 0.381455, -0.341513, -0.307960, 0.307146, 0.622460, 0.256183, 0.208047, -0.238862, -0.269510, -0.352634, 0.216604, 0.234205, 0.029001, -0.211349, 0.321170, -0.045790, 0.492272, 0.049689, 0.020583, 0.075692, 0.018581, -0.792980, 0.247755, 0.135166, -0.208502, -0.149270, 0.224073, -0.580637, -0.156988, 0.217202, 0.422590]
Neuronio 42: bias=0.283154 | pesos=[0.289544, 0.183715, 0.281449, -0.172398, -0.480579, -0.373425, -0.423775, -0.249653, 0.307911, 0.360424, 0.120694, 0.040548, 0.061526, 0.276577, -0.137250, -0.085372, 0.078214, -0.458382, -0.148389, -0.079035, 0.338047, 0.364158, 0.065541, 0.162275, 0.284159, 0.369671, 0.235694, 0.222696, 0.072206, -0.322194, -0.121913, -0.282037, 0.173873, 0.274091, -0.014235, 0.132427, 0.116836, 0.199560, 0.358302, 0.324828, 0.179489, -0.012150, -0.614952, -0.567913, 0.081975, -0.469659, -0.178731, 0.300087, 0.158768, 0.085964, 0.132635, 0.612447, 0.628401, 0.166899, 0.259669, 0.079263, -0.078798, -0.459138, -0.099522, 0.325797, 0.339413, 0.074592, 0.359728, 0.067386, 0.377043, 0.057820, -0.185957, 0.366969, -0.306812, -0.267315, 0.165914, 0.411044, 0.159866, 0.155058, 0.009877, -0.689170, -0.555749, 0.083089, -0.374350, -0.135954, -0.382748, -0.107059, 0.014461, 0.446837, 0.120367, -0.017953, -0.253647, -0.361396, -0.387691, -0.200307, -0.699801, -0.747464, -0.513168, -0.002247, 0.152478, 0.151521, 0.227858, -0.512675, -0.413360, -0.183759, 0.557101, 0.132017, 0.147526, -0.236167, -0.899271, -0.242702, 0.391080, 0.122482, 0.083831, -0.296663, -0.308592, -0.053816, 0.431874, 0.375575, 0.028568, -0.660770, -1.108937, -0.338636, 0.047695, 0.521132]
Neuronio 43: bias=0.104816 | pesos=[-0.007065, 0.246593, -0.047786, 0.546612, 0.297139, -0.024863, 0.147234, 0.685081, 0.374584, -0.178018, -0.182585, -0.051125, -0.208926, -0.094283, -0.125942, 0.379144, 0.074206, -0.000061, 0.250135, 0.578232, -0.106894, -0.029665, -0.053580, 0.178956, -0.110165, -0.202943, -0.166973, 0.032160, -0.041162, -0.062208, 0.278612, 0.828944, 0.640746, 0.015994, 0.062823, -0.198430, -0.156040, -0.200496, -0.000200, -0.042546, -1.274176, -0.658954, 0.058371, 0.590940, 0.580346, 0.074929, 0.030140, -0.167755, -0.042413, -0.193961, 0.226155, 0.369059, -0.785989, -0.895804, 0.010648, 0.037863, 0.167250, -0.030964, -0.067538, 0.113783, -0.117366, 0.163550, 0.165752, 0.458616, 0.055555, -0.142602, 0.104335, 0.187825, 0.097542, 0.089121, -0.127771, 0.255357, 0.112141, -0.074986, 0.378160, 0.303681, 0.451611, -0.238403, -0.402650, -0.265066, -0.295502, -0.280371, -0.008028, 0.066361, 0.160981, -0.309187, 0.176637, 0.205780, -0.296485, -0.330518, -0.132635, -0.499388, -0.172517, -0.239839, -0.263864, 0.095377, -0.170409, -0.318307, -0.035620, 0.235557, 0.177601, 0.127803, -0.007355, -0.698185, -0.209774, -0.233242, 0.280452, 0.075967, -0.193595, -0.593293, -0.147677, 0.574623, 0.032899, 0.055336, -0.235861, 0.202018, 0.235837, -0.137509, 0.117471, -0.129298]
Neuronio 44: bias=0.000383 | pesos=[-0.239097, -0.354618, -0.667342, -0.464575, -0.030090, 0.634885, 0.566869, -0.145644, -0.210519, -0.515279, -0.217716, 0.018788, -0.073034, -0.400741, -1.095111, -0.776791, -0.326890, 0.664847, 0.944374, 0.379874, -0.913705, -0.923869, -0.221787, 0.091560, 0.269285, 0.047984, -0.821901, -0.466183, 0.114026, 0.068747, 0.549996, 0.538037, -0.280912, -0.497543, -0.062643, 0.167856, -0.079799, 0.122080, -0.492611, -0.149903, 0.237336, -0.138997, 0.245465, 0.251644, -0.025999, 0.130518, 0.006724, -0.075272, 0.037498, 0.046249, -0.658422, -0.619509, 0.100487, 0.758798, 0.534076, 0.198531, -0.022573, -0.183939, 0.069505, -0.114732, -0.127751, 0.321195, 0.002826, -0.129743, -0.292095, 0.235914, -0.126685, 0.223779, -0.208089, -0.076944, -0.071099, -0.143030, -0.020985, -0.111810, 0.224286, 0.425123, -0.006591, 0.139327, -0.343032, -0.212880, -0.413415, 0.211212, 0.069206, -0.076204, -0.111422, 0.379363, 0.610964, 0.454460, -0.083915, -0.338414, -0.189804, 0.021591, 0.303713, 0.550686, -0.047354, -0.095162, -0.174112, 0.764573, 0.558101, 0.595249, -0.521356, -0.018741, 0.669317, 0.417954, 0.399891, 0.226036, -0.271296, 0.114109, 0.130038, 0.373508, 0.531149, 0.618979, 0.108966, -0.166078, 0.233924, 0.239090, -0.371990, -0.341469, 0.004432, 0.283368]
Neuronio 45: bias=0.108105 | pesos=[-0.044261, -0.056529, -0.137356, -0.152886, 0.058089, -0.382763, 0.218014, 0.055295, 0.088911, 0.099355, 0.149007, -0.216250, 0.101898, 0.057310, -0.105516, -0.642375, 0.126628, -0.479094, 0.093002, 0.385790, 0.391747, -0.308051, 0.202834, 0.011737, 0.136567, 0.051662, 0.115163, 0.218223, 0.364485, -0.157776, 0.472106, 0.602879, 0.658244, 0.208209, 0.261194, 0.014058, -0.052823, -0.307053, 0.185693, 0.069841, -0.078463, -0.024230, 0.083808, -0.113091, -0.306412, -0.121472, -0.194571, 0.228771, -0.037582, 0.204970, 0.275267, 0.557563, -0.236627, -0.231711, 0.100283, 0.081579, 0.207271, -0.117119, 0.073598, 0.166585, 0.246720, 0.132934, 0.166408, 0.119655, -0.304508, 0.394309, -0.479348, -0.318441, 0.076596, -0.057878, -0.023443, 0.096721, 0.057254, -0.002108, 0.210592, -0.214504, -0.572902, 0.351802, -0.680403, -0.505218, 0.008459, -0.345677, -0.219685, 0.037410, -0.000203, 0.230918, 0.116100, -0.310656, -0.404153, -0.079889, -0.960383, -0.656866, -0.278870, -0.065288, 0.032566, 0.045177, 0.243616, 0.192966, 0.038915, -0.086286, 0.321955, -0.195492, -0.370850, -0.352003, -0.097189, 0.239403, 0.528467, 0.180054, 0.121857, -0.358199, 0.005794, -0.138344, -0.131195, -0.174066, -0.465346, -0.355401, -0.324290, 0.054568, 0.202416, 0.178423]
Neuronio 46: bias=-0.042310 | pesos=[-0.101238, 0.294452, 0.230195, -0.177882, -0.299662, 0.003827, -0.019594, 0.166872, -0.247179, -0.009472, -0.082796, -0.133742, 0.053728, -0.001042, 0.340425, -0.254657, -0.529509, -0.516153, 0.061472, 0.099950, -0.310928, -0.008394, 0.114350, -0.092953, 0.118490, -0.131086, -0.248253, 0.024756, -0.184107, -0.871074, 0.080375, 0.425555, 0.060542, 0.095413, -0.072602, -0.089758, -0.174513, -0.335575, -0.156027, 0.247653, -0.204933, -0.466941, -0.001347, 0.985788, 0.378389, -0.121721, -0.072337, -0.164764, 0.153278, -0.078921, -0.224046, 0.059814, 0.348031, 0.337500, 0.768188, 0.368649, -0.195511, -0.136019, -0.167374, -0.199119, 0.142218, -0.182270, -0.151700, 0.023653, 0.853009, 0.597320, 0.964949, 0.301523, -0.727139, -0.526996, -0.104375, 0.023170, 0.101274, -0.064475, -0.079001, -0.344538, -0.039206, -0.138691, -0.231208, -0.245322, -0.739137, -0.403507, -0.102251, -0.318284, 0.243986, -0.054699, -0.316350, -0.149202, -0.241665, 0.328061, -0.110128, 0.118769, -0.121598, 0.153694, 0.141925, -0.141364, 0.025386, 0.546902, 0.314727, 0.276820, -0.028832, 0.436912, 0.417736, 0.330935, 0.152104, 0.435646, 0.125949, -0.173152, 0.202837, 0.232776, 0.198513, -0.053996, -0.041123, -0.086700, 0.319783, 0.306634, 0.177909, 0.018901, -0.092445, 0.117980]
Neuronio 47: bias=0.215620 | pesos=[-0.123377, 0.074799, 0.083445, 0.084002, -0.168681, -0.122398, -0.214658, -0.064245, 0.027762, 0.168213, -0.007777, 0.073649, -0.041810, -0.163314, -0.354941, 0.012785, -0.114825, -0.337162, -0.169244, -0.047439, 0.149906, 0.048408, 0.038817, 0.009273, 0.238386, -0.020763, 0.189116, -0.040518, -0.012553, 0.061173, -0.377323, -0.512299, -0.061323, 0.373975, -0.066017, 0.217682, -0.103683, 0.095160, 0.123292, -0.195134, 0.357202, -0.234829, -0.045018, -0.184090, -0.087664, -0.424062, -0.360626, 0.088919, 0.125365, -0.088251, 0.464954, 0.140978, -0.431369, -1.490810, -0.468737, -0.017249, 0.346195, -0.332742, -0.116129, 0.032320, -0.126526, -0.172527, 0.129300, 0.295470, -0.452618, -0.747898, 0.100646, 0.432894, 0.374667, -0.390302, -0.060130, 0.149294, 0.143821, 0.131219, 0.073161, 0.338058, 0.524662, -0.076349, 0.571877, 0.166870, -0.035420, -0.489317, 0.222490, -0.026523, 0.175989, 0.082439, 0.232938, 0.386785, 0.698739, 0.064984, -0.037905, -0.130069, -0.398121, -0.291812, 0.068316, 0.334927, 0.249356, 0.255686, 0.226014, 0.219846, 0.077291, -0.343864, -0.235465, -0.098644, -0.125132, -0.009336, 0.086353, 0.219214, 0.083307, 0.068845, -0.315931, -0.092094, 0.094342, 0.025859, -0.344310, -0.032834, -0.001065, 0.396321, 0.054708, -0.021627]
Neuronio 48: bias=0.207071 | pesos=[-0.010605, -0.467171, -0.148714, -0.259648, 0.629812, 0.642500, 0.366967, 0.098133, 0.430340, -0.063180, -0.046868, -0.070762, -0.142680, -0.192547, -0.240942, 0.237369, 0.036390, 0.791144, 0.473935, 0.477866, 0.097820, -0.265342, -0.280830, 0.072300, 0.097797, 0.004105, -0.176596, -0.228041, 0.232497, 0.889123, 0.866023, 0.201870, 0.330292, 0.093187, -0.261022, -0.071919, 0.032095, -0.232821, -0.181143, -0.410420, 0.100087, 0.284915, 0.853293, 0.062502, -0.056574, -0.064538, -0.410865, 0.413392, 0.138063, -0.019901, -0.178700, -0.902999, -1.236159, -0.884123, -0.357611, 0.108462, 0.076055, -0.055202, -0.082115, 0.231716, -0.012776, -0.023840, -0.464243, -0.105564, -0.850671, -0.452119, -0.263047, -0.381205, -0.002269, -0.104599, -0.052722, 0.154540, 0.064773, -0.262654, -0.021453, 0.553684, 0.388928, 0.186070, -0.519900, 0.135278, -0.270662, 0.125939, 0.098859, 0.435550, 0.098359, 0.184180, 0.428842, 0.463980, 0.465926, -0.175549, -0.384129, -0.323518, 0.089693, -0.190665, 0.135983, 0.285097, 0.092742, 0.435317, 0.446367, 0.148751, 0.224115, -0.506763, -0.415357, -0.510805, 0.022028, -0.165986, -0.402945, 0.224710, 0.252108, 0.168787, 0.373736, 0.008144, 0.470882, 0.043107, -0.326299, -0.737317, -0.933460, -0.345095, 0.184403, 0.082877]
Neuronio 49: bias=0.065165 | pesos=[0.288719, 0.081268, -0.092146, 0.140675, 0.314633, 0.196515, 0.244932, 0.156231, 0.212833, -0.124384, 0.099266, 0.212302, 0.267298, 0.342526, 0.375208, 0.024562, 0.137402, -0.313649, 0.296730, 0.279985, 0.128259, 0.291693, 0.065265, 0.339022, 0.319622, 0.244131, 0.155931, 0.119166, -0.029643, -0.157317, -0.066376, 0.505219, 0.074134, 0.287318, 0.319513, 0.107499, 0.393577, 0.024223, -0.636051, -0.209096, -0.050093, 0.119958, 0.212831, 0.254042, 0.371803, 0.289054, 0.318108, -0.039782, 0.054750, -0.016245, 0.094737, -0.766158, -0.546992, -0.036958, 0.027476, -0.648812, -0.214181, -0.051490, 0.369357, -0.027268, 0.263692, -0.000056, -0.089769, -0.703846, -0.588844, -0.238279, -0.399361, -0.745833, -0.071148, 0.296299, 0.120044, -0.045083, -0.033675, -0.091079, -0.242973, -0.421003, -0.030428, 0.009954, -0.421080, -0.133674, -0.742287, -0.010726, 0.184216, 0.098176, 0.253530, 0.154799, -0.050254, 0.330955, 0.544129, -0.096427, 0.372979, -0.161556, -0.326546, -0.194244, 0.126459, -0.051701, 0.027463, -0.267903, -0.894267, 0.483756, 0.030616, 0.092611, -0.015794, -0.688201, -0.579972, -0.465654, -0.017083, 0.207291, -0.114222, -0.148729, -0.268141, -0.247910, -0.336505, -0.565277, -0.094586, -0.457921, -0.856231, -0.499429, -0.082397, -0.011995]
Neuronio 50: bias=0.112005 | pesos=[-0.103512, -0.042217, -0.083696, -0.004819, -0.018723, 0.247049, 0.178402, 0.102583, -0.040567, -0.081549, 0.206763, -0.009414, 0.223956, -0.004277, 0.170689, 0.068349, 0.176346, -0.125518, -0.031971, 0.266305, 0.105622, 0.022561, 0.124915, 0.148713, 0.239470, -0.000829, -0.098004, 0.024506, 0.009450, 0.124739, 0.152376, 0.137993, 0.223874, 0.134145, 0.050741, 0.220441, 0.100043, 0.078577, 0.175940, -0.115409, -0.096452, -0.049183, 0.086755, 0.148826, 0.226860, 0.050757, 0.189717, 0.082138, -0.029497, 0.025845, 0.138403, -0.132597, 0.100290, 0.050923, 0.215328, 0.008886, 0.028407, 0.128472, 0.081938, 0.046261, 0.136252, 0.105903, -0.113333, 0.053132, -0.077893, 0.114939, 0.098587, -0.101689, 0.177250, -0.119865, 0.208717, -0.023604, 0.147120, -0.015376, 0.112891, -0.002576, -0.073604, 0.068510, -0.013389, -0.003021, -0.063749, 0.229301, 0.171672, 0.282104, -0.069577, 0.187856, 0.166676, 0.138755, 0.173633, -0.040289, -0.114099, -0.059719, 0.092208, -0.067247, 0.197809, 0.046742, 0.035576, -0.000338, -0.089178, 0.042743, -0.078971, -0.073529, 0.067747, 0.100942, -0.088919, 0.090423, 0.048494, 0.066246, 0.209586, -0.088699, -0.082931, 0.247795, 0.143186, 0.180919, 0.145492, 0.089354, -0.069648, 0.210180, 0.071976, 0.173216]
Neuronio 51: bias=-0.141778 | pesos=[0.243265, 0.059216, 0.184796, -0.232183, -0.162868, -0.333755, -0.363021, -0.538642, -0.015467, 0.081442, -0.016078, -0.058165, 0.373657, 0.238821, -0.318188, -0.329715, 0.015976, -0.002917, -0.062884, -0.504530, 0.141175, -0.183873, 0.366812, 0.110678, -0.132245, 0.396108, 0.188282, 0.078598, -0.014694, -0.100223, -0.183063, -0.413531, -0.181584, -0.035351, 0.114615, 0.143799, 0.171390, 0.021486, 0.362760, 0.108963, -0.042326, -0.864872, -1.261872, -0.360886, -0.220935, -0.144730, 0.000547, -0.062066, 0.134250, 0.278563, 0.285333, 0.484565, 0.438843, 0.728352, 0.877567, -0.064142, 0.201727, -0.162960, 0.074768, -0.155269, -0.180784, 0.142221, 0.014586, 0.555068, 0.400891, 0.282490, 0.721832, 0.549353, 0.368964, -0.051432, 0.040811, 0.000327, 0.070849, 0.110184, -0.120941, -0.279265, -0.249404, -0.173991, 0.343949, 0.302013, 0.286750, 0.391891, 0.017936, -0.179676, -0.200383, 0.247193, -0.204357, -0.313353, -0.514109, -0.179120, -0.057180, -0.307327, 0.181311, 0.292400, 0.089551, -0.013117, 0.087016, -0.122408, -0.099805, 0.178825, 0.174464, 0.168239, -0.080466, -0.180287, -0.252018, 0.061384, -0.014129, -0.287529, -0.186679, -0.165562, -0.120037, 0.357038, 0.104599, -0.071238, -0.399092, -0.279969, -0.316196, 0.092360, -0.207228, -0.071934]
Neuronio 52: bias=0.077732 | pesos=[0.198473, -0.064394, 0.399676, 0.399593, 0.808230, 0.509902, 0.098442, 0.265966, -0.272880, -0.178560, 0.126630, 0.005612, -0.231306, -0.082150, 0.132030, 0.032841, 0.707838, 0.779618, 0.324122, -0.102697, -0.619440, -0.793930, 0.007085, 0.008674, 0.102248, -0.306165, -0.210267, 0.145579, 0.458031, 0.327533, 0.279742, -0.154576, -0.011370, -0.469368, -0.287676, -0.028886, -0.126013, -0.334809, 0.119238, -0.102697, 0.084524, -0.604484, -0.224626, 0.223677, -0.437425, -0.326238, -0.126402, 0.206364, -0.174962, -0.492923, -0.578351, 0.582821, 1.148656, -0.042159, 0.275458, 0.269808, -0.361075, -0.336524, -0.048848, 0.073250, 0.069068, -0.424479, -0.070312, 0.677324, 1.407461, 0.300838, -0.086003, 0.458387, -0.140480, -0.599039, -0.172685, -0.054201, -0.129113, -0.468609, -0.210878, 0.260854, 0.660842, -0.307350, -0.829274, -0.483651, -0.555073, -0.489326, -0.061574, -0.116468, -0.051477, -0.028879, 0.113449, -0.294658, -0.432988, -0.867674, -1.329465, -0.003034, 0.164436, 0.083527, -0.015066, 0.260481, 0.027409, 0.591820, 0.881272, 0.223302, -0.126689, -0.333530, -0.355634, 0.043510, 0.324287, 0.140629, 0.531186, -0.108710, -0.195055, 0.320106, 0.932152, 0.681641, 0.175159, -0.219432, -0.665202, -0.002170, 0.317475, 0.307724, -0.078736, -0.230049]
Neuronio 53: bias=-0.039278 | pesos=[-0.275695, -0.543763, 0.009955, -0.003665, 0.162943, 0.673965, 0.908274, 1.165170, 0.677099, -0.035021, -0.556565, -0.351317, -0.303390, -0.444935, -0.077215, 0.098877, 0.284971, 0.520952, 0.713281, 1.207602, 1.000029, -0.082229, -0.420592, -0.247077, -0.413003, -0.224414, -0.393397, 0.115880, 1.199764, 0.533181, 1.253311, 1.055354, 0.413595, 0.170234, -0.417834, -0.154317, -0.093045, 0.064472, -0.207054, -0.307964, -0.017467, 0.053692, 0.024886, -0.436733, -0.264883, -0.296474, -0.285356, -0.120003, -0.302349, 0.201964, -0.390615, -0.080617, -0.464264, 0.487337, 0.733099, 0.178801, -0.679468, -0.343317, -0.516334, 0.078207, -0.285640, 0.138224, 0.556358, 0.332018, -0.102514, 0.279678, 0.655071, 0.238663, -0.355530, -0.802871, -0.406893, -0.089413, -0.178943, 0.032619, 0.466603, 0.792658, 0.419319, 0.353176, 0.290285, -0.312924, -0.179207, -0.312401, -0.286746, 0.200354, -0.302339, -0.248729, 0.259528, 0.729078, -0.065855, -0.156211, -0.516872, -0.319796, -0.395334, -0.264221, 0.092978, -0.073189, -0.085157, 0.374609, -0.070730, -0.369885, -0.493637, -0.647541, -0.134249, -0.062021, 0.193882, 0.531509, -0.125479, 0.010648, -0.059106, -0.014562, -0.079624, -0.344956, -0.722309, 0.023756, -0.165510, 0.689421, 0.412368, 0.366103, 0.002264, -0.346946]
Neuronio 54: bias=-0.245897 | pesos=[-0.094284, -0.302396, -0.311909, -0.456209, -0.139936, -0.495409, -0.368241, -0.588597, -0.430705, -0.409625, 0.265479, -0.169802, -0.190735, 0.131921, 0.311677, 0.336673, -0.257787, -0.080569, -0.222739, -0.042096, -0.312627, -0.354086, 0.105606, -0.026215, 0.017600, 0.093014, 0.255468, 0.007598, -0.569864, 0.259218, 0.284090, 0.314564, 0.343937, 0.097165, 0.342889, -0.020703, -0.277526, -0.008936, 0.269864, -0.146167, -0.165583, 0.077995, 0.527902, 0.155758, 0.182398, 0.977889, 0.204474, -0.118316, -0.176197, -0.201281, 0.148743, -0.319109, -0.333280, -0.410894, -0.470368, -0.067924, 1.067399, 1.056628, 0.368251, -0.302671, -0.264850, 0.016833, -0.009365, 0.068077, -0.443039, -0.487124, -0.701507, -0.473386, 0.747065, 0.850413, 0.037451, -0.240493, -0.185074, 0.311536, 0.050104, 0.173349, 0.272565, 0.003331, -0.004133, 0.318765, 0.490229, 0.294392, 0.216793, -0.008587, -0.071036, 0.579000, 0.612796, -0.062750, -0.508144, 0.564588, 0.641629, 0.643100, 0.524260, -0.020181, 0.097581, -0.250452, -0.025759, 0.425529, 0.090111, -0.413329, -0.895381, -0.299569, 0.059176, 0.024918, 0.401168, 0.298440, -0.070954, -0.222110, -0.086852, 0.336076, 0.177656, -0.601999, -0.896206, -0.799334, 0.016015, 0.012162, 0.466534, 0.120425, 0.000361, -0.456824]
Neuronio 55: bias=-0.039689 | pesos=[-0.090313, 0.047029, 0.023292, 0.314437, -0.033397, -0.158097, -0.263658, -0.215047, -0.247494, -0.370025, -0.219237, -0.465699, -0.305489, -0.081916, -0.157897, 0.216193, -0.195392, -0.014803, -0.245227, 0.296055, -0.342111, -0.048878, -0.156295, -0.278528, -0.376203, 0.041179, 0.131710, -0.233773, 0.266138, 0.172902, -0.262215, 0.044646, -0.075284, 0.284311, -0.148077, -0.288137, -0.173374, -0.009955, -0.039028, 0.274904, 0.357426, -0.508528, -0.182923, 0.963642, 0.707115, 0.336814, -0.094015, -0.046866, -0.248021, 0.021274, 0.625355, 0.011691, -0.621512, -1.047195, -0.644732, 0.104204, 0.943819, 0.497677, -0.290607, -0.017859, -0.199736, -0.010810, 0.540667, 0.516931, -0.146084, -0.904797, -0.604103, 0.420244, 0.266976, 0.555603, 0.031391, -0.232316, -0.305460, 0.151874, 0.396146, 0.668893, 0.302396, -0.179352, 0.180053, 0.125876, 0.456518, 0.167213, -0.009477, -0.189191, -0.065047, 0.084942, -0.010462, 0.322196, 0.473763, -0.021923, -0.117715, 0.240799, 0.344068, -0.015223, -0.045973, -0.066996, -0.036058, 0.263239, -0.328503, -0.437522, 0.168860, -0.190786, -0.103473, 0.389809, 0.196571, 0.098737, -0.068618, -0.141466, 0.162158, -0.123080, -0.406930, -0.572708, -0.148607, -0.024030, -0.091612, 0.235379, 0.257099, 0.257721, -0.112136, 0.080419]

--- Camada 2 (saida, 26 neuronios) ---
Neuronio 1: bias=-0.408220 | pesos=[-1.131303, 0.206016, -0.107133, 1.319711, -0.952535, -1.008208, 0.252294, -1.055140, -0.100235, 0.669734, -1.048119, -0.648690, -1.541053, -0.404455, 0.483302, -0.558702, 0.261206, 0.602781, -0.298604, -0.056890, 0.371058, 0.106637, -0.330621, 0.250861, 0.774667, -0.638327, 0.111173, 0.065287, -0.916665, 0.776542, 0.015401, -0.471496, -0.776975, 0.806265, 0.388616, -0.171828, 0.399426, -0.683141, 0.900792, -1.457726, -0.657243, 0.647121, 0.355005, -0.850940, -0.051727, -0.289973, -0.840149, -1.410754, 1.731706, -0.553968, 0.519302, -1.211549, -1.014077, -1.632902, -0.698804]
Neuronio 2: bias=-0.379448 | pesos=[-0.667036, -0.388131, 0.342687, 0.422361, 1.129994, 1.157360, -0.457562, -0.620562, 0.286455, 0.695739, 0.349428, -1.525174, -0.305674, 0.189437, -0.258936, -0.193943, 1.397811, -1.084262, 0.637929, -0.169945, -0.748659, -1.071884, 0.463993, 0.767145, 0.893716, -0.962857, -1.530720, -1.217799, -0.661346, -0.528127, -0.454693, -0.233686, -1.059270, 1.167256, -0.136397, 0.329500, -1.472878, -1.581119, -1.941253, -0.242326, -0.739398, 0.038454, -0.639389, -1.458640, 0.894586, -0.989487, 0.876669, 0.422440, 0.132250, -0.584680, -0.544406, -1.615647, -1.372836, 1.292508, -0.709762]
Neuronio 3: bias=-0.360434 | pesos=[0.818107, -0.304743, 1.054019, 0.211180, 0.483085, 0.100437, -0.235434, -0.140720, -1.162261, -1.388755, -0.764145, -0.831290, 0.775333, -0.102652, -1.695673, -0.527437, 0.885883, 0.609287, -0.860043, -0.050441, 0.513625, -0.787617, -0.413553, -1.336917, -1.579541, -0.891235, 0.573210, -0.361992, -0.714330, -1.127971, 0.542778, -0.432442, 0.152840, -1.369516, 0.308506, -0.153810, 1.224513, 0.433064, -0.304383, 1.002211, 0.071999, -0.198681, -0.243089, -0.715560, -0.641448, 0.090411, -1.235681, -1.491343, -0.750540, -0.145535, 0.861502, -0.774669, -1.323730, 1.135435, -1.160190]
Neuronio 4: bias=-0.239184 | pesos=[0.260140, -0.342413, -0.779996, 0.297063, -0.124138, 1.222163, -1.430693, -0.811164, 1.301534, 1.875047, -0.780964, -1.434365, 0.059016, -1.748244, -1.533370, -0.398927, 0.261361, -1.640814, 0.108298, -1.005727, -0.137788, -0.781916, -0.590015, -0.359954, -0.622327, -0.967415, -0.843008, -0.013064, 0.278678, -0.505260, 0.063113, 0.011421, -0.473374, 0.205163, 0.556827, 1.157633, -0.805706, 0.759806, -0.872231, 0.070355, 1.397710, 0.790566, -0.593058, 0.043888, -0.411535, 0.766875, -0.117966, -1.328822, -0.388789, -0.172759, 0.051968, -1.994560, 1.145968, -1.115552, -0.841871]
Neuronio 5: bias=-0.520677 | pesos=[-0.030914, -1.120104, 1.519063, -0.497408, 0.417175, 0.253418, -0.729038, -0.460141, -1.753202, -0.302035, 0.158260, -1.544617, -1.150673, 0.272254, 1.126693, -0.513925, -0.712870, 0.438010, 1.132466, 0.455238, -0.446340, -1.228899, -0.371153, 0.010314, 0.972152, -1.083263, 0.940792, -0.689917, -0.750828, 0.191907, -0.288702, -0.442278, -0.078781, -1.962086, -1.414137, -0.916495, 0.978514, -0.557526, -0.463606, 0.796046, 0.070250, -0.706958, -0.193391, -0.941000, -0.362582, -1.511421, 0.001906, 0.759754, 1.017789, -0.324861, -1.095538, -1.208748, -1.960007, 0.606403, 0.332169]
Neuronio 6: bias=-0.543547 | pesos=[-0.990524, -0.111463, -0.351743, -0.834936, -0.222658, 0.443628, -0.555319, -0.445689, -0.259807, 0.078695, -0.823703, 1.334560, -0.177390, 0.982457, 0.378200, -0.691166, -2.128528, 0.217132, 0.404071, 0.276166, 1.128989, -1.011083, 0.755140, -1.180679, 0.896945, -1.298225, 0.557091, -0.001083, -1.369233, 0.742651, -0.662860, -0.773295, -1.109678, 1.182159, -1.703530, 0.131712, 1.431478, 0.144631, -0.093044, 0.506880, -0.414075, -1.534452, -0.383888, -0.006032, -0.528949, 0.773963, -0.702164, -0.633408, -0.906628, -0.440480, -1.419115, -0.958468, -1.087858, 0.478802, 0.683505]
Neuronio 7: bias=-0.473526 | pesos=[-0.927435, 1.600903, 0.378248, -0.776106, -0.993723, -1.720591, 0.491031, -1.027574, -0.798907, -0.949509, -0.613338, -1.120988, -0.579840, 1.206156, -1.845351, -0.469927, 0.150912, -0.500520, 0.532644, 0.277220, -0.124221, -0.815825, -0.873333, 0.496786, 0.827702, -0.335770, 0.774523, 0.594015, -1.369259, -0.221390, -0.168838, -0.394936, 0.633235, 1.485132, -0.218969, -0.803222, -1.353201, 0.156471, -0.709975, 0.502842, -0.905766, 0.294550, -0.500127, -0.251240, -0.627808, 0.827974, -1.318089, -0.840787, 0.567788, -0.461151, -0.698014, 0.230974, -1.241116, 0.755204, -1.405255]
Neuronio 8: bias=-0.375608 | pesos=[-1.009369, -0.939233, -0.891162, -0.898630, -0.596872, -1.011918, -1.213043, -0.646168, 0.417702, -0.635317, 0.202693, 1.002447, -0.552515, 0.520185, 1.440080, -0.234596, -0.529669, -0.546580, 1.029820, -0.763805, -0.279586, -0.985383, 0.525683, -0.131979, 0.348382, 1.093847, -0.262527, -0.146933, 0.293604, 0.996572, 0.917886, -0.594666, -1.320624, 0.702702, -0.831951, -0.586908, -1.096179, -1.722828, -0.861138, 1.011523, -0.893996, -0.575039, -0.512557, 0.778213, -0.849006, 0.043674, -0.557846, 1.081419, 0.815618, -0.548750, -0.842838, -1.784608, 0.802011, -1.051438, -0.990892]
Neuronio 9: bias=-0.383345 | pesos=[0.162233, 0.806222, 0.003118, -1.183683, -1.206771, -0.545139, -0.480667, 0.261879, -1.589384, 0.334825, 0.087865, -0.433272, -0.927262, -0.487166, -1.444380, -0.530204, 1.293963, 0.055320, -0.877736, 0.527125, 0.664365, 0.740332, -0.473879, -0.890220, -0.984204, 0.859664, -0.956215, -0.136688, -0.283877, -0.819009, -0.591630, -0.272433, 0.620299, -1.372121, 0.141793, -1.033788, 0.923901, -0.008150, 0.387017, -1.213988, -1.253273, -0.945168, 0.975561, -1.467499, -0.838536, -0.441331, 0.633085, -0.035818, -0.780227, -0.548324, -0.268431, 0.659868, 0.206513, 0.510256, 0.586729]
Neuronio 10: bias=-0.456011 | pesos=[-1.602269, -0.528427, -0.429464, 1.255430, -0.663169, 0.808291, 0.119723, -0.907227, 1.189381, 0.211161, -1.533161, -0.638718, -1.064628, -1.338261, 0.891504, -0.648153, 0.170972, 0.105405, -0.199007, 0.275135, 0.328176, -0.934108, -1.309748, -1.282497, -1.205924, 1.087346, 0.485836, 0.224795, -0.808485, -1.065067, -1.548111, -0.550127, 0.632347, 1.147824, 0.146204, 1.207205, -0.466390, 0.053007, -0.490494, -1.078767, -1.278620, -0.241439, -0.411470, -0.993523, 0.214275, -0.443171, -0.444142, -0.878538, -0.811709, -0.481987, -0.060938, 1.223105, 0.837191, 0.613085, 0.706053]
Neuronio 11: bias=-0.442836 | pesos=[-0.262540, -0.412193, -0.228975, -0.290395, -0.381044, -1.595864, -1.080410, -0.013896, -1.164004, -1.221093, -1.406149, 0.368074, 2.136200, 0.799357, 0.502628, -0.490912, 0.001454, 0.775655, 0.154116, -2.021569, -0.464407, 0.486042, -1.130717, 0.838551, -1.443068, -0.748162, 0.198680, -0.820982, -0.527931, 0.555760, -0.155417, -0.211132, -0.310335, -0.813005, 0.126522, 0.726047, 1.502661, -0.755069, 1.436419, -0.662145, 0.236565, -0.117639, -1.351665, -0.195852, -1.003658, -0.792464, 0.253458, 0.919138, 0.359690, -0.580117, -0.054839, -1.092865, -1.326000, 0.294540, 0.473787]
Neuronio 12: bias=-0.413046 | pesos=[0.040325, -0.984437, 0.823971, -0.736017, -0.150444, -1.931019, -0.281454, -0.809567, -1.167382, 0.477760, -1.251188, -1.222921, -0.579092, 1.073015, 0.381645, -0.540854, 0.599265, 0.251700, -0.663943, -0.840459, 0.758861, 0.440555, -0.508176, -0.748620, 0.150686, -0.709429, -1.836186, -0.850578, -0.658844, -0.373264, 0.826572, -0.479684, 0.486966, -1.511439, -1.082288, -0.074742, 0.368006, 0.079813, -0.744845, -0.106702, -0.478554, -0.584123, 0.864745, 0.456035, 0.883918, 0.106241, -0.697396, 0.410799, 0.077740, -0.146771, -0.345718, -1.203955, 2.224633, 0.823424, -0.400546]
Neuronio 13: bias=-0.379994 | pesos=[0.003700, 1.052756, -0.881227, 0.406503, 0.363735, 0.442460, 0.870395, 1.494370, -0.602340, -0.691015, 0.074598, 0.874290, -0.280765, -0.296489, -0.581861, -0.233552, 0.243946, -0.870657, -1.678315, 0.144304, -0.267078, 0.869080, 1.115796, 0.125600, -0.541163, -0.181730, -0.883899, 0.286044, 1.494607, 0.400974, -0.637878, -0.632204, -0.996391, -0.404195, -0.852469, 0.846961, -1.003199, -1.344932, 0.658997, -0.323731, -1.069824, -0.221458, -0.145722, -0.154706, -0.916314, -1.565561, -0.176647, 0.654314, 0.036859, -0.443331, -1.092706, 0.298393, -0.099961, -2.127086, -0.929662]
Neuronio 14: bias=-0.499739 | pesos=[-0.850362, 0.589188, -1.449451, -0.916366, -1.401422, -1.040547, -1.552978, -0.146658, -0.077736, -0.691289, -0.364183, 0.700800, 0.653953, 0.447128, -1.870401, -0.515683, -1.399270, -1.027005, 0.346060, -0.706566, -0.605128, 0.714987, 1.020141, 0.033021, -0.163645, -1.277220, 0.200110, -1.330468, 0.470135, -0.865897, 0.476955, -0.529084, -0.082613, -0.058363, 0.387641, 0.351483, -1.020858, 0.442146, 1.172730, -0.062296, 0.095341, 0.113610, 0.736879, 0.263992, -0.069146, 0.325132, -0.409085, 0.170376, 0.345967, -0.190384, -0.468784, 0.964076, -0.544621, -0.296215, -1.278460]
Neuronio 15: bias=-0.448852 | pesos=[-0.349682, 1.195766, -1.103174, 0.121016, 0.247013, 1.469541, 0.630751, 0.214141, -1.290473, -2.074373, 0.350191, -0.761770, 1.641561, 0.055931, -1.269302, -0.417293, 0.599959, -1.409986, -0.207007, 0.313553, 0.105124, -0.069411, -0.326629, -0.492847, -1.624526, 0.119736, -0.255371, 0.659042, 1.399618, -1.137349, -0.082971, -0.429820, -0.044043, 0.288931, 0.038957, -1.026096, -0.858331, -0.057745, -1.085716, 0.137545, -1.927014, 0.103246, -0.426090, -1.480490, -0.827593, 0.465815, 0.192183, -1.454440, -1.591643, -0.670873, 0.250348, 0.967649, 0.385092, -0.987942, -0.304716]
Neuronio 16: bias=-0.321817 | pesos=[0.469654, -1.055730, -1.403455, 0.552824, 1.054195, 0.851912, 0.529338, -0.420542, 0.245704, -0.526438, -0.181572, 1.174365, 0.330763, -1.343784, 0.176793, -0.462599, -0.688577, -0.641476, -1.589515, 1.171297, 0.401302, -1.018339, 0.893390, -0.551470, -0.129748, -0.105492, 0.119546, 0.928155, 1.086477, 0.767526, -0.566462, -0.415345, -0.954233, -0.180685, -0.388935, 0.351038, -0.711235, -0.315204, -1.809279, -0.492233, -0.169779, -0.677083, -1.199990, -0.583391, -1.330204, -0.644219, -0.712061, -0.882316, -0.775525, -0.116021, -0.030321, -1.268063, -0.602328, 0.690432, -1.029462]
Neuronio 17: bias=-0.296536 | pesos=[-0.003945, -0.579618, 1.419746, -0.320019, -0.592302, -1.094838, -0.497606, 1.295246, -0.983785, -0.733627, 0.046919, -0.848675, -1.142547, -0.909845, -1.107173, -0.344141, 0.826633, 0.025412, -0.553856, -1.405638, -0.564274, 0.252150, -0.756560, 0.220265, 0.805850, -0.500332, -1.615602, 0.831750, -0.828682, 0.353878, -0.618264, -0.287002, 1.025636, -0.552050, -0.767139, -1.049335, -1.444428, 0.649119, -0.422088, 0.203045, 0.061076, 1.159594, -0.876067, 0.437310, 0.652981, -0.122693, 0.061292, 0.575002, -1.108674, -0.202636, 0.937883, 1.020859, -0.445615, -1.327789, -0.777566]
Neuronio 18: bias=-0.443328 | pesos=[-1.536651, -0.633685, 0.372741, 1.154763, -1.847295, 0.432864, 0.258606, 0.011846, 0.064272, -0.026700, -1.497294, 1.598518, -0.356164, -2.234178, -0.008467, -0.674945, -0.967967, -0.085419, -0.168254, -1.547193, -0.639940, -0.756286, 0.897491, 0.347816, -1.283003, -1.791956, -0.318668, 0.790400, 0.756964, 0.846611, 0.547431, -0.398963, 0.658433, -0.104495, 0.659706, -1.111668, -0.302837, 1.049292, -1.029634, 0.286070, 0.781927, 1.246193, -1.178190, -0.451543, 0.095531, -1.072075, 0.123456, 0.871838, 0.046841, -0.577607, -0.799347, -1.036120, -1.185391, 0.130035, -0.405987]
Neuronio 19: bias=-0.308691 | pesos=[-0.983148, 0.676949, -0.315914, -1.008842, -1.372187, 0.918273, 0.145110, -0.642675, -0.444851, 0.463541, -0.211335, -1.223273, 0.009189, 0.743454, -1.073375, -0.551298, -1.586868, -1.370698, 0.520514, -0.171666, -0.763418, 1.012157, -0.884406, 0.534863, -0.141253, -0.543077, 0.268389, -0.782715, -0.426328, -1.630053, -1.105372, -0.147374, 0.654572, 0.616895, 0.393665, -1.193219, -0.616942, 0.289465, -0.265128, -0.803584, 0.397901, -0.969000, 0.370710, -0.640809, 0.001031, -0.724693, 0.591025, 0.646438, 0.020597, -0.360846, -1.074084, -1.060371, 0.659206, 0.913094, 1.128221]
Neuronio 20: bias=-0.340329 | pesos=[0.962910, 0.182528, -0.047629, -0.457426, -1.219212, 0.942128, 0.431279, -0.925634, 1.182037, -0.661972, 0.987013, -1.102472, -0.331700, -1.240091, -1.365171, -0.397177, -2.350940, 0.311529, -0.464480, 0.423131, 0.518471, -0.683247, 0.138487, -0.666835, -1.019821, -0.361024, -0.018917, 0.215549, -0.457016, 0.585083, -0.013911, -0.411771, -1.209441, -0.082038, -0.480187, -1.419284, -0.168086, 0.269285, 0.822950, -1.400297, 1.299966, -0.648115, -0.239786, 1.190018, -0.094180, 0.957629, 0.325609, -1.194737, -0.611297, -0.468195, 0.264635, 0.343338, -1.631826, -0.283975, 0.158846]
Neuronio 21: bias=-0.327193 | pesos=[-0.127480, -1.417985, -0.199577, -0.523584, 0.203162, -1.260728, -0.616118, -1.009660, -0.000130, -0.884132, 0.359582, -1.003373, 1.232883, 0.482846, -1.296703, -0.358973, 0.285560, -0.184545, 0.544299, -0.951687, -0.513769, -0.735804, -1.350971, 0.654115, -1.299114, 0.810718, -0.461977, -0.909733, -0.168469, -0.874454, 0.250973, -0.499601, -0.622437, -0.077147, 0.210415, 0.865542, -1.206224, -1.436760, -1.113920, 0.637897, -0.648121, -1.145250, -0.559869, 1.862424, -0.841189, 0.351590, -1.230811, 0.614973, -0.511588, -0.173618, -0.685726, 1.477600, 1.229218, -0.503266, -0.433001]
Neuronio 22: bias=-0.598657 | pesos=[-0.374775, -1.111299, 0.669880, 1.688646, 0.000596, 0.597720, 0.659871, 0.255973, -0.220405, -1.190945, -0.921096, 0.079917, -1.200644, -1.039669, 0.663166, -0.620709, -1.122976, 0.836547, -1.417428, -1.245426, -0.047810, -1.612681, -1.093304, 0.437396, -0.535584, -0.653681, -0.537623, -0.782883, -1.269062, 0.902137, -0.208919, -0.761614, -0.442384, -0.194966, -0.874850, 1.363529, 0.547665, -0.622965, 0.602009, 0.701628, -0.168533, -1.058805, -0.953134, 1.189153, 0.216671, -0.763701, -1.125189, -0.280587, -0.781625, -0.608363, -0.356925, 0.931481, 0.999476, 0.899297, -0.556000]
Neuronio 23: bias=-0.369642 | pesos=[-0.385159, 0.244490, -0.259358, 0.216552, -0.651860, -1.695490, -1.119471, 0.402081, -0.847985, 0.708782, -1.274404, 0.222789, 0.230354, 0.495316, 0.899876, -0.390856, 0.395533, 0.525027, -0.487831, -0.941332, 0.716399, -0.270266, 1.204527, -0.887456, -0.401547, 0.986604, 0.315195, -0.455148, 0.489075, -0.012397, -1.690480, -0.402714, -0.212919, 0.280159, -0.675995, -0.389614, -1.060136, 0.614021, -1.291376, -0.155168, -1.265471, 0.534800, 0.489605, -0.691527, 0.549920, -0.244723, -0.005383, 0.154722, -0.766538, -0.171480, -1.496516, 0.956919, 0.737523, -1.038560, 0.328012]
Neuronio 24: bias=-0.463747 | pesos=[-0.465228, -1.532415, -0.806333, -0.100167, -1.129472, -1.479067, -0.712672, 0.555545, 0.766406, 0.621842, -1.506583, 0.817987, -1.384372, 0.563919, 0.938618, -0.565388, -1.332499, -0.410788, -0.483509, 1.018161, -0.726577, 1.375651, 1.201356, -0.628424, 0.295991, -0.078736, -0.314572, -1.248590, -0.952861, 0.129973, 0.183215, -0.588370, -0.478302, -1.291932, 0.007058, 0.003490, -0.654021, -0.924956, 1.087126, -0.579610, 0.207271, 0.885627, 0.821354, -1.139769, 0.489230, -1.051194, 0.141509, -0.465358, -1.089935, -0.555143, 0.812161, -0.158701, -0.438652, -0.702803, 1.078685]
Neuronio 25: bias=-0.567788 | pesos=[-0.541200, -0.681880, -1.037477, -1.582485, 0.236337, 0.969058, 0.434965, 0.484915, -0.404902, -0.923616, 0.639042, 1.013421, -0.186987, -0.530226, 0.491715, -0.660035, -1.574080, -0.160146, -0.877740, 0.749460, -1.183554, 0.943084, -0.575271, -0.785525, -0.022831, -0.813022, -0.473772, -1.389105, -0.564613, -1.077319, -0.779123, -0.437912, 0.564299, -0.739049, -1.227666, -0.490575, 0.237208, -1.221316, 0.204339, -0.583776, 0.443988, -1.482791, -0.214664, 1.243286, -1.101526, -1.296028, 0.715448, 0.793563, -0.756601, -0.632026, 0.074806, -0.439126, 0.483124, 1.053338, 1.258076]
Neuronio 26: bias=-0.255933 | pesos=[0.547033, -1.550923, 1.014881, -0.873842, 0.473766, -0.169467, -0.242377, -0.538306, 0.639973, 0.118977, -0.098315, -1.130724, -0.857010, -1.240109, 1.111928, -0.367928, 1.180761, 0.019324, 0.438577, 0.371298, -0.427894, 0.312032, -0.126247, -1.554443, 0.100981, 1.167546, -0.842713, -0.298087, -0.302767, 0.430060, -0.882459, 0.045810, -0.395474, -1.300040, 0.147187, -1.262382, 0.152167, -0.865497, -0.843833, -0.505356, -0.080145, 1.129303, -1.879507, -1.109546, -0.487230, -0.583563, 0.159834, -1.241773, -0.789267, -0.246280, 0.609617, -0.941667, -0.632913, -0.155898, 0.462417]
