=== Pesos Iniciais ===

--- Camada 1 (oculta, 55 neuronios) ---
Neuronio 1: bias=0.000000 | pesos=[-0.158094, 0.132374, -0.087159, -0.157077, 0.045741, -0.175496, -0.080131, -0.000915, 0.120803, 0.107501, -0.071211, 0.066151, 0.068763, -0.078124, 0.002811, 0.143899, -0.040232, -0.031972, 0.170681, 0.111199, -0.150275, -0.075938, -0.003192, 0.013271, -0.063760, 0.150794, 0.033570, -0.092809, -0.122096, -0.144723, -0.115639, -0.048504, -0.151206, -0.020885, 0.174579, -0.133592, 0.048912, -0.024109, -0.076865, 0.052387, 0.082752, 0.078898, 0.132506, 0.035235, -0.039290, -0.090186, 0.054375, -0.035396, 0.123349, 0.102940, -0.100304, 0.018503, -0.070048, -0.050708, 0.027869, 0.115084, 0.127449, 0.065398, -0.105239, -0.018985, 0.159552, -0.009013, 0.077166, 0.130359, 0.018459, 0.113151, -0.086745, 0.129043, 0.014588, 0.141368, -0.147398, -0.166792, 0.066843, 0.117570, -0.024267, 0.126084, -0.160662, 0.080537, 0.112520, 0.103970, -0.130695, 0.096027, 0.089838, -0.093932, -0.145697, -0.045180, -0.110840, 0.005648, 0.001426, 0.101705, 0.099065, -0.133514, -0.166056, -0.085274, 0.106816, -0.166946, -0.017770, 0.146623, -0.097987, -0.169083, 0.178348, 0.055270, 0.046003, -0.026488, -0.001853, -0.154551, 0.159210, -0.105479, -0.021932, 0.099747, 0.024249, 0.025852, -0.156585, 0.180530, 0.101425, 0.059255, 0.110358, -0.126552, -0.115926, -0.019448]
Neuronio 2: bias=0.000000 | pesos=[-0.071911, 0.104287, 0.148389, -0.182315, 0.071746, 0.053159, -0.117741, 0.153938, -0.141651, 0.031188, -0.089802, -0.145013, 0.181462, -0.005764, 0.062058, 0.089529, 0.128175, -0.162383, -0.053659, 0.163827, -0.133839, 0.082958, 0.043495, -0.102748, -0.014262, -0.115160, -0.174941, -0.168298, -0.150165, -0.089302, -0.145000, 0.086358, 0.175512, -0.169262, 0.115919, 0.042599, -0.130846, 0.065513, -0.006991, 0.070801, -0.027254, -0.162377, -0.135473, -0.032491, 0.115728, 0.108861, -0.141827, -0.042308, 0.104351, -0.053474, 0.085144, 0.046569, -0.108170, 0.144804, 0.063143, 0.155900, -0.021993, 0.117669, 0.084769, 0.078644, 0.009177, 0.026254, 0.109062, 0.165940, 0.092255, 0.149121, -0.081594, 0.091261, -0.177050, -0.173252, 0.059292, 0.035737, -0.036150, -0.036503, -0.084954, 0.143415, 0.068591, -0.118850, -0.145638, 0.093073, 0.082079, -0.157137, 0.056942, 0.081070, 0.138643, -0.175344, -0.160259, 0.072790, -0.081030, -0.099187, -0.164770, 0.064430, -0.085261, -0.082609, 0.012779, -0.025737, -0.121577, 0.056012, -0.009329, 0.132926, 0.038689, -0.157654, 0.168676, -0.088174, 0.082034, 0.000210, -0.106699, -0.008892, 0.095427, 0.164562, -0.022893, 0.147210, -0.124370, -0.179377, 0.132961, 0.106923, 0.104499, 0.043680, 0.140461, 0.122502]
Neuronio 3: bias=0.000000 | pesos=[-0.131189, -0.065364, 0.153126, 0.132203, -0.124186, -0.002851, -0.095344, 0.152831, 0.016754, 0.161332, -0.117103, 0.002993, 0.172252, -0.039485, -0.171329, -0.071178, 0.072497, 0.108864, -0.050820, -0.071474, -0.144749, 0.092423, -0.155632, -0.072904, -0.134752, -0.096128, 0.143572, -0.084528, -0.083165, -0.162422, -0.160419, 0.010422, 0.139922, -0.083458, 0.065914, -0.139373, -0.078133, 0.033483, 0.043780, 0.150282, -0.085491, -0.087201, 0.175872, 0.072658, 0.006604, 0.134809, -0.096429, -0.005878, -0.017258, 0.016833, 0.135756, 0.065086, 0.024685, -0.173479, 0.057722, 0.106497, -0.003027, 0.182148, 0.091091, 0.041779, -0.062127, -0.132152, -0.061360, 0.081133, 0.015659, -0.085140, -0.093765, 0.177042, 0.057142, 0.054711, 0.173887, -0.096380, -0.137760, 0.121137, -0.001232, -0.025690, -0.105458, 0.016844, -0.067463, 0.156783, 0.161851, -0.085459, 0.149831, -0.076599, 0.020160, 0.142868, -0.154079, -0.079379, 0.148062, 0.090781, 0.112553, 0.166295, 0.015617, -0.064933, 0.094170, 0.172922, 0.105246, 0.182668, 0.050852, -0.013862, 0.177820, -0.046640, 0.184396, 0.183937, 0.049150, 0.058877, 0.179273, 0.071402, 0.050743, -0.001865, 0.134963, -0.099358, 0.112162, 0.169430, -0.093601, -0.028077, 0.145893, -0.152203, -0.122244, 0.134784]
Neuronio 4: bias=0.000000 | pesos=[0.153603, 0.123973, 0.005894, 0.118820, 0.158055, -0.142784, -0.080782, 0.079986, -0.071224, -0.137963, 0.166517, 0.091269, -0.091264, 0.089932, -0.175575, 0.084233, -0.119723, -0.133511, 0.125139, -0.053835, -0.092323, 0.014631, -0.058369, 0.070915, 0.063342, -0.094424, 0.015967, 0.092159, 0.016544, 0.085368, -0.070430, -0.175025, 0.011206, 0.084209, -0.184072, 0.106382, 0.074021, -0.151181, 0.030777, 0.002665, -0.009553, -0.143087, -0.090022, -0.065309, -0.027941, -0.070407, -0.019599, 0.108725, 0.144745, 0.033335, 0.033123, 0.128479, -0.176399, -0.095975, 0.054824, -0.003550, 0.110199, 0.009317, -0.020395, 0.020209, -0.040859, 0.004584, -0.087910, -0.101486, -0.119190, 0.119531, 0.036167, -0.143800, 0.022676, 0.155371, 0.098131, 0.066649, 0.166844, -0.054363, -0.155401, 0.101491, -0.027091, -0.118234, -0.046097, -0.158358, 0.102744, -0.062392, 0.032949, 0.030972, 0.006840, 0.100888, -0.046053, 0.121966, -0.093344, -0.120130, 0.180516, 0.020247, -0.033850, -0.122828, -0.135672, 0.176837, -0.173351, 0.014200, 0.017672, -0.147595, 0.013793, -0.165680, 0.064223, 0.183278, -0.018229, 0.095979, 0.039483, -0.153202, -0.146502, 0.071445, 0.000157, 0.121822, 0.045767, 0.167059, -0.114894, -0.185078, -0.180765, 0.156144, -0.163255, 0.080535]
Neuronio 5: bias=0.000000 | pesos=[0.064417, 0.080343, 0.013942, -0.137682, 0.148949, -0.080005, 0.085119, 0.166283, 0.013054, 0.105423, -0.095220, 0.008406, -0.102755, -0.096159, 0.009584, 0.138762, 0.063298, 0.172350, -0.122055, -0.025323, -0.025203, -0.015676, 0.093433, 0.157542, -0.058787, -0.151433, -0.016620, 0.004139, 0.087216, -0.178074, -0.112813, -0.117391, 0.000684, -0.080814, -0.160250, -0.025139, -0.098103, 0.011714, -0.032802, 0.150395, 0.015957, 0.130228, -0.037985, -0.051371, -0.171140, 0.140196, 0.151330, 0.178826, 0.145099, 0.102174, 0.048016, -0.064633, 0.095279, 0.032086, 0.136837, -0.165232, 0.105836, -0.040124, -0.063659, 0.099008, -0.109823, -0.170302, 0.042377, -0.083117, 0.058464, 0.159703, -0.017540, 0.062905, 0.139780, -0.088361, 0.124025, -0.065640, 0.035246, -0.010650, 0.026465, -0.112800, 0.067257, -0.182926, -0.005975, 0.081310, 0.113865, -0.138899, 0.004919, 0.037225, -0.165758, 0.014228, 0.056415, 0.044520, 0.048723, 0.046132, -0.170262, 0.042674, 0.131472, 0.001328, 0.010031, -0.098299, 0.035766, -0.051882, -0.099804, -0.107977, 0.099742, 0.070588, 0.119686, -0.099571, -0.102977, -0.136693, -0.012120, -0.007055, -0.082868, 0.010913, -0.030505, 0.023986, 0.034513, 0.182624, 0.117785, -0.142748, 0.035330, -0.088836, -0.167420, -0.157926]
Neuronio 6: bias=0.000000 | pesos=[-0.151751, -0.039171, -0.045893, -0.092794, 0.112558, -0.122621, 0.151723, -0.109758, 0.042452, 0.131174, -0.119697, 0.075723, 0.171338, -0.037339, 0.063171, -0.000453, 0.142367, -0.060296, -0.032572, -0.133126, 0.161444, -0.166978, 0.175335, -0.157438, 0.011815, -0.076705, 0.136060, -0.180127, 0.033293, -0.057543, 0.151679, 0.082539, -0.002020, 0.150817, -0.047068, -0.016167, 0.011428, -0.151704, -0.017930, 0.077362, -0.179111, 0.089184, -0.033189, 0.127383, -0.174896, 0.014516, -0.091981, 0.168243, -0.004649, 0.045954, -0.153229, 0.151735, -0.010527, 0.024790, -0.118661, 0.031774, 0.065766, 0.184909, 0.070515, -0.048890, 0.078301, 0.037519, 0.087038, -0.105526, 0.027027, 0.169616, 0.129771, -0.138707, -0.179571, -0.163614, -0.048799, 0.054049, 0.139756, -0.009319, 0.065389, 0.105215, 0.125031, -0.124908, -0.084543, 0.054129, -0.127713, 0.076172, 0.117808, -0.129206, 0.137095, -0.032894, 0.124081, 0.095756, -0.157992, -0.100116, -0.109037, -0.168223, 0.177685, 0.042532, -0.069795, 0.059158, -0.128511, -0.004241, 0.124386, 0.053823, 0.061631, -0.030681, 0.025395, 0.033038, 0.133957, 0.025708, 0.168510, -0.113270, 0.173838, -0.154579, -0.048626, 0.066976, 0.110446, 0.122483, 0.155611, -0.101794, -0.115056, -0.087898, 0.075646, -0.182109]
Neuronio 7: bias=0.000000 | pesos=[-0.161398, 0.171815, 0.119082, 0.142508, 0.175404, -0.133089, 0.106172, 0.168500, 0.166566, 0.011421, -0.128175, -0.052860, 0.153947, -0.055594, -0.083765, 0.094745, 0.109258, 0.126776, 0.120055, 0.106775, -0.162821, -0.023166, -0.061195, 0.159748, -0.156514, 0.181432, -0.164822, 0.001510, 0.117442, -0.104308, 0.076292, -0.010909, 0.102404, 0.064331, 0.070945, -0.120218, 0.099371, 0.136264, -0.157623, 0.092052, 0.124832, 0.066883, -0.084542, -0.015893, -0.102655, 0.021935, -0.046371, -0.058529, 0.121537, 0.073712, 0.171124, -0.151912, -0.114548, -0.181344, -0.006682, -0.175413, -0.039757, 0.080060, -0.067305, 0.083765, -0.165874, -0.081233, 0.167255, -0.122882, 0.086064, -0.021575, 0.039853, -0.122800, 0.105402, -0.132362, -0.071202, -0.082648, 0.006015, -0.180072, -0.040818, -0.018997, 0.085484, -0.124068, 0.062041, 0.130169, 0.090361, 0.121150, -0.184967, 0.117432, -0.031210, 0.156785, 0.091458, -0.183498, -0.043798, -0.014005, 0.147799, 0.164783, 0.039571, 0.184572, 0.066536, 0.162769, -0.095975, 0.116992, -0.026590, 0.178227, -0.074238, -0.176227, 0.077592, -0.045679, 0.172682, 0.009590, -0.040461, 0.076589, 0.015717, -0.159288, 0.106414, 0.118531, -0.135685, -0.127384, 0.031928, -0.108668, -0.063848, 0.040213, -0.136319, -0.101817]
Neuronio 8: bias=0.000000 | pesos=[-0.118824, -0.109500, 0.027255, 0.076027, 0.092747, -0.182275, 0.113281, -0.039625, -0.099530, 0.125080, -0.128770, -0.155397, 0.027619, -0.018192, -0.102911, 0.180890, -0.094428, -0.106821, -0.146036, -0.028794, -0.049475, 0.173608, -0.141581, 0.156988, 0.033518, -0.054664, -0.137283, 0.065175, 0.162755, -0.046725, 0.123727, 0.102158, 0.081837, 0.135675, 0.030082, -0.141242, 0.114075, 0.067830, 0.056204, 0.030860, -0.098772, 0.146898, -0.136225, -0.133766, -0.152142, -0.031414, 0.145070, 0.003029, 0.114568, 0.040622, -0.141630, 0.033120, -0.110608, 0.014565, 0.168443, 0.004564, 0.125256, 0.086568, -0.000360, -0.141532, 0.012496, -0.138467, 0.076944, 0.010882, -0.010941, -0.001593, -0.173147, -0.115436, -0.035251, 0.143450, 0.047477, -0.015134, -0.185026, 0.153129, -0.024121, -0.123884, -0.062937, -0.124927, -0.053969, -0.150496, 0.160359, -0.155819, -0.031020, 0.003316, 0.085590, 0.148941, 0.162831, -0.079969, 0.180485, 0.103948, 0.055761, 0.183232, 0.041778, -0.111851, 0.105582, -0.074353, 0.111910, 0.047456, 0.113546, -0.002521, 0.165139, 0.075430, 0.151824, -0.144146, -0.128281, -0.093771, 0.073927, 0.102256, 0.131184, 0.072791, -0.102768, 0.037710, 0.130692, -0.173640, -0.142337, 0.009592, -0.039946, 0.011671, -0.095249, -0.131891]
Neuronio 9: bias=0.000000 | pesos=[-0.093249, 0.149964, -0.034396, 0.162970, -0.015129, 0.152788, -0.125323, -0.036434, -0.084114, -0.016081, 0.027031, -0.097246, -0.125873, 0.137118, -0.105863, 0.029557, 0.094500, 0.173105, -0.161013, -0.031038, 0.051218, 0.140423, -0.015459, -0.049020, 0.120147, -0.055183, -0.136025, 0.060075, 0.072217, 0.097853, -0.020161, -0.093949, -0.047792, 0.063368, 0.088979, 0.139099, -0.173051, 0.160927, -0.006715, 0.069998, 0.058799, -0.082302, -0.155176, -0.128362, 0.139560, -0.033562, -0.022037, -0.126895, 0.176044, -0.153573, -0.140580, -0.138934, -0.140225, -0.045286, -0.077243, -0.042630, -0.159677, 0.104750, 0.143752, 0.162711, 0.007447, -0.115655, -0.145546, 0.091220, -0.031666, -0.090638, 0.005617, -0.118922, 0.136913, -0.017556, -0.184039, 0.111527, -0.079684, 0.179681, 0.016802, 0.124682, 0.081845, 0.155051, -0.078934, 0.161066, -0.166804, -0.069081, 0.040839, -0.164397, 0.025489, 0.160303, 0.159925, -0.177870, -0.144873, -0.169503, -0.104662, -0.112733, -0.169899, -0.103258, 0.121188, -0.128762, -0.061469, 0.140317, 0.114861, 0.173135, -0.109158, 0.081515, 0.182760, -0.104072, -0.134369, -0.092779, 0.125527, -0.043885, 0.020564, -0.084900, -0.180086, 0.068667, -0.152894, -0.073083, -0.182869, 0.018348, -0.015345, -0.023531, 0.110256, -0.131911]
Neuronio 10: bias=0.000000 | pesos=[-0.113308, 0.049366, -0.052588, -0.132337, -0.038824, -0.124052, -0.066961, -0.164804, -0.139935, -0.124380, -0.166888, 0.050664, -0.130621, 0.100267, -0.128973, 0.081288, -0.021884, -0.021764, -0.073183, -0.180956, -0.178977, -0.023381, 0.184087, -0.182852, -0.178405, 0.146965, -0.118650, 0.179955, -0.140212, -0.088012, -0.034709, -0.076452, 0.081027, 0.013383, 0.112727, -0.114137, 0.165219, 0.165899, -0.065766, -0.040948, -0.181758, -0.071878, -0.147149, 0.004566, -0.173679, -0.061877, -0.109724, -0.016488, 0.149986, 0.144144, -0.054440, 0.002595, -0.160265, 0.019660, 0.129941, -0.014016, 0.031162, 0.056351, 0.150843, -0.047572, -0.106116, 0.183616, 0.011009, 0.176558, -0.124736, -0.073021, 0.066769, -0.182581, 0.030833, 0.026653, -0.050965, -0.084802, 0.135076, -0.040000, 0.014447, 0.096504, 0.112300, -0.049568, 0.170109, -0.119300, 0.093783, 0.178767, -0.121219, 0.066020, -0.065561, -0.169624, 0.123083, 0.102872, 0.163632, -0.173406, 0.042393, -0.142341, 0.070832, 0.002528, -0.002971, 0.108865, 0.078489, 0.122964, -0.077873, 0.060965, 0.057919, 0.029619, -0.062030, 0.183651, -0.167506, 0.086826, -0.183767, -0.073868, -0.016552, 0.143901, 0.054297, -0.050369, -0.081648, -0.048120, 0.054387, -0.041064, 0.043325, -0.075301, -0.124631, -0.045683]
Neuronio 11: bias=0.000000 | pesos=[0.037862, 0.061422, -0.024578, -0.164116, -0.166699, 0.001971, -0.032055, -0.018715, -0.132459, 0.066539, -0.053619, -0.038849, -0.107765, -0.081289, 0.014297, 0.037782, 0.028304, 0.036348, 0.120208, 0.034217, 0.136022, -0.059687, 0.004539, 0.073421, 0.125094, 0.029044, -0.045614, -0.056897, 0.166435, -0.085459, -0.150376, -0.089416, -0.013583, 0.089161, -0.170918, 0.035679, -0.103510, -0.037139, -0.057683, -0.084477, -0.020298, 0.034711, -0.050421, -0.171122, -0.045775, -0.010214, 0.020267, -0.082573, 0.182024, 0.008603, -0.031264, 0.159811, -0.058056, -0.180188, 0.081835, 0.079106, 0.104443, 0.161929, 0.184709, 0.141928, 0.076317, 0.033605, 0.161206, 0.006347, -0.167507, 0.100006, -0.074138, 0.020746, 0.034974, -0.132905, -0.156989, -0.184002, -0.074375, 0.109418, 0.121139, 0.123302, -0.039544, -0.115403, 0.102081, -0.025516, -0.064405, 0.126755, -0.072479, 0.149997, 0.047305, 0.052449, -0.033766, -0.168585, -0.157886, -0.069253, -0.116705, -0.113242, -0.074717, 0.038791, -0.184130, -0.084296, -0.080087, 0.114139, -0.051774, -0.167126, -0.120182, -0.119491, -0.176301, -0.086111, 0.019559, -0.109318, -0.028281, 0.024818, 0.158810, -0.044313, -0.086215, -0.020923, 0.159375, -0.035967, 0.099690, -0.002957, -0.004493, 0.001742, -0.179804, -0.177747]
Neuronio 12: bias=0.000000 | pesos=[0.084183, -0.107493, -0.070509, 0.128743, 0.171280, 0.104528, 0.170924, -0.143987, 0.184404, 0.157466, 0.054451, 0.091564, 0.001548, 0.023171, 0.058923, 0.108975, 0.109494, 0.053223, -0.041170, -0.009053, 0.064418, -0.126254, 0.032165, -0.072639, -0.023620, 0.044035, -0.101088, -0.047790, -0.079300, -0.154132, -0.018530, 0.079818, -0.133665, -0.166326, -0.036358, -0.098888, -0.066858, -0.164795, -0.109892, -0.080749, -0.033131, -0.145460, 0.156389, 0.048004, 0.145780, -0.013594, 0.122224, 0.020889, 0.178398, 0.100652, 0.181627, -0.150064, -0.100723, -0.125198, -0.099393, 0.133854, -0.134076, -0.035764, 0.095102, -0.145153, 0.081620, -0.018440, -0.106113, 0.168498, 0.011536, 0.017548, 0.123714, 0.101686, -0.100022, -0.027574, 0.148598, 0.101152, 0.067822, -0.064858, -0.074815, 0.182250, -0.082682, 0.136868, 0.042832, -0.084192, 0.032033, 0.043326, 0.001644, -0.110653, -0.124782, 0.104012, 0.071151, -0.141267, 0.096789, 0.043268, 0.065702, -0.157098, 0.039225, 0.040185, 0.102694, -0.078850, 0.106325, -0.004664, -0.040460, 0.056890, -0.176166, -0.113916, 0.165068, -0.088845, 0.147770, -0.174116, 0.036326, -0.005830, -0.040332, 0.140399, 0.050391, -0.147762, 0.038618, 0.026567, -0.012281, -0.022223, 0.043256, 0.133581, 0.005748, -0.177596]
Neuronio 13: bias=0.000000 | pesos=[-0.129284, -0.121404, -0.142448, -0.151927, -0.025971, -0.059044, -0.117530, -0.023554, -0.027407, 0.038221, 0.164835, 0.073726, -0.026018, -0.165940, 0.056720, 0.169777, -0.017555, -0.003045, 0.057032, 0.103602, -0.070689, 0.020992, 0.071508, -0.099232, 0.129461, -0.116079, -0.096078, -0.162326, -0.025447, -0.115865, 0.160212, 0.073248, 0.000906, -0.175894, -0.155846, -0.179834, -0.052447, -0.050825, 0.101953, -0.099520, 0.149553, -0.126059, -0.114897, -0.026234, -0.120172, 0.177442, -0.035956, -0.060183, -0.019182, -0.161701, 0.021169, 0.027663, -0.115321, 0.094639, -0.047283, 0.063437, 0.171450, -0.146404, 0.018064, -0.149261, 0.115723, 0.126071, 0.105111, -0.174875, -0.056821, 0.103879, -0.029814, -0.105788, 0.155817, 0.126991, -0.180118, 0.053642, 0.122967, 0.164336, -0.098808, 0.174797, 0.084908, -0.019227, 0.118058, -0.060013, -0.053277, -0.119349, -0.026183, 0.079858, -0.018218, -0.017178, -0.051576, -0.082739, -0.025580, -0.135015, 0.081902, -0.165338, -0.183182, 0.082099, 0.034532, -0.056583, 0.168581, -0.046928, -0.011527, -0.153211, -0.007572, 0.027849, 0.055903, -0.098730, -0.172977, -0.182578, 0.040419, -0.159139, 0.043872, -0.111493, 0.061640, -0.039324, -0.180339, -0.069532, 0.108345, 0.170356, -0.030163, 0.123372, 0.135129, -0.160094]
Neuronio 14: bias=0.000000 | pesos=[-0.056870, -0.064649, -0.124354, -0.129492, 0.055072, 0.127543, -0.108618, -0.159220, -0.138018, 0.102183, -0.059344, -0.032659, -0.071353, -0.162329, -0.074184, 0.050362, -0.163223, -0.039675, 0.119408, 0.151152, -0.049160, -0.010173, 0.076559, -0.073355, -0.143690, -0.136024, 0.041163, -0.071758, -0.079838, -0.165963, 0.146027, -0.005465, -0.038069, -0.107993, -0.040004, -0.139202, 0.066026, 0.137033, 0.109243, -0.155849, 0.065142, -0.029572, -0.028604, -0.004728, 0.001175, 0.038830, 0.030684, -0.040775, -0.098738, -0.183414, 0.146727, 0.025154, 0.078786, -0.154488, 0.127545, -0.038687, 0.058795, -0.001303, -0.027953, -0.139541, -0.039787, 0.071615, -0.058466, 0.022737, 0.034881, -0.184760, -0.065724, 0.179212, -0.072134, 0.060254, 0.147325, -0.173539, 0.180212, 0.091832, 0.134350, 0.160743, 0.000753, 0.124021, 0.124166, 0.033531, 0.036597, -0.038097, -0.121456, 0.122228, -0.175679, 0.093132, 0.059602, 0.170733, -0.046654, 0.102134, 0.035576, -0.171452, -0.123489, -0.109875, -0.093743, -0.016718, 0.039793, 0.013083, -0.077610, 0.028027, 0.117444, 0.036826, 0.120788, -0.179105, 0.167092, 0.053489, 0.152821, 0.062515, 0.148238, 0.012617, -0.065718, 0.130020, -0.103697, 0.025009, 0.083428, 0.042180, -0.115335, -0.155338, 0.092819, 0.156450]
Neuronio 15: bias=0.000000 | pesos=[0.180776, 0.039461, 0.094467, 0.073438, -0.054248, 0.129885, 0.064657, -0.026106, 0.043541, -0.141446, -0.079646, 0.178780, -0.023031, -0.154533, 0.115468, -0.163222, -0.075728, -0.102163, 0.047558, 0.023649, -0.051486, 0.098598, 0.019187, 0.014917, 0.125110, -0.103048, -0.172500, 0.061888, 0.057844, -0.035685, 0.056627, 0.036349, -0.018597, -0.063269, 0.013220, -0.086245, -0.008772, 0.008154, -0.064870, 0.164665, 0.178741, -0.052504, -0.178044, -0.003843, 0.115521, -0.097946, 0.130653, 0.095525, -0.141866, 0.177900, 0.028071, 0.147044, 0.158734, 0.083161, 0.160585, 0.166513, 0.108269, -0.114898, -0.072029, -0.173508, -0.142565, 0.029185, 0.183395, -0.177905, -0.161479, 0.032833, -0.114966, 0.175300, 0.058341, -0.137051, 0.129092, -0.059859, 0.071817, 0.019864, 0.075601, -0.080362, 0.085867, 0.115522, 0.055108, 0.056230, -0.169662, 0.093680, -0.066052, -0.091347, -0.132847, -0.115443, -0.013869, 0.091669, 0.153096, -0.048090, -0.136847, 0.135098, -0.142143, -0.108113, -0.004973, 0.063636, 0.030347, 0.077405, -0.109239, 0.058850, 0.075526, -0.059475, -0.125951, -0.008800, 0.176707, -0.022562, -0.042642, 0.012682, 0.039887, 0.093040, -0.018667, -0.138327, 0.109239, 0.061098, -0.163359, 0.175917, 0.063221, -0.014270, 0.084656, 0.164600]
Neuronio 16: bias=0.000000 | pesos=[0.070121, -0.042815, -0.016576, 0.159786, 0.128222, -0.046282, 0.061138, -0.070309, -0.018327, 0.093383, -0.086500, -0.012039, 0.063434, 0.125952, -0.066915, 0.062444, -0.173653, -0.134301, -0.118364, 0.108047, -0.045208, -0.027854, 0.176265, 0.043627, -0.179767, 0.023872, 0.001473, 0.036916, 0.080382, -0.133270, -0.119622, -0.128689, 0.007227, -0.071015, -0.011275, 0.001794, -0.009715, 0.088061, 0.028426, 0.016898, -0.091753, -0.056896, -0.120285, -0.175963, -0.114611, -0.176681, 0.065217, 0.105507, -0.159794, 0.139263, 0.032992, 0.027940, -0.065809, 0.001180, 0.181735, -0.024241, -0.098999, -0.044147, 0.094320, -0.031392, -0.180882, -0.075272, -0.100738, -0.082517, -0.177762, 0.092080, -0.081289, 0.047414, -0.122749, -0.113241, 0.109258, -0.006451, 0.045666, 0.129304, 0.156271, -0.153817, 0.047005, -0.142619, -0.153712, -0.057467, -0.101910, 0.134786, 0.060357, 0.146708, -0.108923, -0.032890, -0.109106, -0.117784, 0.035387, -0.084851, 0.159864, -0.050994, 0.126834, -0.107465, -0.026066, 0.049173, -0.179345, -0.124572, -0.018857, -0.184306, -0.169006, 0.117817, 0.157047, 0.045726, -0.180112, 0.090229, -0.009452, -0.109845, -0.155497, -0.084663, 0.181499, -0.012446, 0.031787, 0.111420, 0.150068, -0.124832, 0.152210, -0.121599, -0.110032, 0.113807]
Neuronio 17: bias=0.000000 | pesos=[0.177365, -0.135583, 0.069787, 0.157606, 0.074741, -0.118805, 0.124156, -0.007184, -0.060778, -0.133266, 0.124377, 0.131041, -0.065451, 0.045794, -0.014054, -0.003512, -0.008535, 0.003873, -0.180024, -0.112879, -0.110638, 0.020842, -0.114064, 0.102000, 0.029250, 0.032014, -0.143357, -0.028760, -0.158928, 0.061901, -0.132137, -0.140495, 0.029144, 0.061684, -0.010247, 0.007536, 0.020027, -0.140131, -0.172576, 0.147567, 0.161328, 0.132521, 0.154407, 0.030740, -0.098048, -0.043870, 0.040593, -0.119440, -0.110259, 0.176276, -0.030424, -0.159174, -0.023428, 0.159376, 0.040278, 0.088512, 0.177560, -0.100525, -0.057386, 0.177873, -0.105888, 0.083237, -0.037015, 0.136165, 0.039544, 0.005989, 0.135551, 0.168342, -0.049105, -0.114536, -0.170125, 0.006483, 0.142480, 0.026216, -0.036124, -0.120177, 0.039334, 0.114144, 0.038521, 0.006122, -0.172853, -0.098132, -0.009633, 0.004395, -0.085226, 0.169466, 0.151289, 0.034789, -0.125380, 0.024049, -0.005352, -0.012586, 0.116413, 0.054764, -0.174016, 0.010427, -0.026716, 0.184634, -0.026567, -0.001920, 0.011888, 0.179372, -0.001291, 0.066330, 0.030585, 0.168307, 0.023274, -0.158752, -0.062006, 0.144797, 0.071679, -0.000857, 0.162404, 0.063208, -0.042534, -0.167798, 0.033347, 0.159705, -0.013911, 0.150570]
Neuronio 18: bias=0.000000 | pesos=[0.163191, -0.108279, -0.105525, 0.155400, 0.043805, 0.140337, -0.116347, 0.041863, -0.025204, 0.018898, -0.115099, 0.143984, -0.027793, 0.077529, -0.044729, 0.041837, 0.075144, -0.130541, -0.113071, -0.168500, 0.110014, 0.091307, 0.092422, -0.019652, -0.175850, 0.141452, 0.173582, 0.057714, 0.084297, -0.116440, -0.059050, 0.073154, -0.155203, 0.065359, 0.065233, 0.113977, 0.054873, -0.159869, 0.052516, -0.105240, 0.120487, 0.041582, -0.175882, -0.052499, 0.093645, -0.131233, 0.068525, 0.011321, -0.018484, -0.056156, -0.133273, -0.153656, -0.007858, 0.183373, 0.146748, -0.077391, -0.152115, 0.089917, 0.038206, 0.037910, -0.043090, 0.181235, -0.025048, 0.155489, 0.121007, 0.090558, -0.056600, 0.035189, -0.121773, -0.150875, -0.035002, 0.114794, 0.180370, 0.034656, 0.004775, -0.153224, 0.099399, 0.157694, -0.165397, 0.032102, 0.150394, -0.084789, 0.128262, 0.135177, 0.080598, -0.040560, 0.056559, -0.084089, -0.072086, 0.097231, 0.117307, 0.093344, 0.042245, 0.140196, -0.051439, -0.049626, -0.119579, 0.113580, -0.065464, -0.123686, 0.121520, -0.096525, -0.099487, -0.098560, 0.021960, 0.003530, -0.123917, 0.168115, -0.033800, -0.014005, -0.062126, -0.096476, 0.096671, -0.018077, -0.167403, -0.129355, 0.125308, -0.144097, 0.102413, 0.130097]
Neuronio 19: bias=0.000000 | pesos=[-0.076634, 0.093404, -0.100085, -0.036044, 0.078324, -0.163768, -0.161837, 0.107516, -0.154276, -0.125145, 0.033894, -0.102129, 0.161320, 0.000375, 0.096848, -0.168254, 0.011030, 0.043906, 0.101628, 0.080101, 0.050077, -0.146588, -0.105283, 0.073103, 0.017990, 0.167739, 0.139736, -0.124788, 0.157477, -0.041133, -0.029078, -0.128426, 0.024853, 0.020444, -0.167138, 0.101704, 0.066640, 0.063069, -0.086025, -0.172610, 0.125538, -0.147219, -0.128679, 0.016394, 0.023183, 0.031050, -0.136450, -0.013336, -0.029129, -0.039174, -0.006327, 0.115670, 0.145953, -0.167021, 0.042654, -0.057344, 0.167805, 0.031828, -0.049819, 0.149813, -0.157720, 0.182795, -0.022649, 0.148448, 0.031156, 0.095926, -0.054438, -0.128431, 0.099395, -0.107520, 0.102984, 0.117211, 0.047946, -0.035835, 0.058645, 0.150658, -0.118392, 0.055073, 0.017622, -0.024098, -0.162624, 0.018728, -0.043262, -0.056062, 0.012625, 0.134943, 0.133835, 0.146884, -0.125036, -0.041228, -0.120415, -0.089651, 0.068629, -0.115984, -0.130515, -0.036934, 0.107349, -0.026262, 0.081502, -0.058366, -0.073117, -0.162300, -0.096293, -0.080830, -0.025585, -0.178349, 0.056107, 0.047818, -0.111523, -0.105435, -0.164587, 0.117859, 0.138921, -0.011444, 0.156335, -0.171709, 0.139756, 0.089392, 0.081373, 0.125479]
Neuronio 20: bias=0.000000 | pesos=[-0.175458, 0.114864, 0.125663, 0.000315, 0.090944, 0.098146, 0.013983, -0.092991, -0.029246, 0.070971, 0.156130, 0.007834, 0.108794, 0.178007, -0.091130, 0.037203, -0.068230, -0.016299, -0.078469, 0.071305, 0.015259, -0.128699, -0.080550, 0.065357, 0.024168, -0.124124, -0.164563, -0.103097, -0.059059, -0.139752, 0.026179, -0.144640, 0.126062, -0.148280, 0.050341, -0.026992, -0.054532, 0.133158, 0.130485, 0.072341, 0.105778, 0.020178, -0.097597, -0.075028, -0.043045, 0.151390, 0.065407, 0.047144, 0.164019, 0.165439, -0.139158, -0.149639, 0.024393, -0.106355, 0.128512, 0.072676, -0.148741, -0.065962, 0.040998, -0.182415, -0.085898, -0.003625, 0.065019, -0.077247, -0.043229, -0.170463, -0.013702, -0.120749, 0.143871, 0.158247, 0.108293, -0.142446, -0.169802, 0.159550, 0.036809, 0.016610, 0.020216, -0.018745, -0.146788, 0.180453, 0.040524, -0.079772, -0.065093, 0.158693, -0.047335, 0.140869, -0.110810, -0.064646, -0.126747, 0.118542, -0.096015, -0.076386, -0.149073, 0.093128, -0.046600, -0.130830, 0.104913, -0.118046, 0.002323, -0.063966, 0.032037, -0.109188, 0.173915, 0.128392, 0.010431, 0.084412, -0.185029, -0.012063, -0.091110, 0.082543, -0.104681, 0.047306, -0.060484, 0.096902, 0.180429, 0.083360, -0.168652, -0.113994, 0.053595, 0.068039]
Neuronio 21: bias=0.000000 | pesos=[-0.121856, -0.037235, -0.125286, 0.055922, -0.136997, -0.002334, -0.163286, -0.179835, 0.033316, -0.060914, 0.125358, 0.132426, 0.120339, 0.041533, 0.021539, 0.144510, 0.003091, -0.014169, -0.008694, -0.120247, 0.145782, -0.165596, -0.034498, -0.024738, 0.047882, 0.098847, 0.091452, 0.118474, 0.178685, 0.096537, -0.154402, -0.046111, -0.114513, -0.082220, 0.114517, -0.107428, 0.082208, 0.077868, -0.004486, 0.085156, -0.089139, 0.011575, 0.096387, 0.184818, -0.078598, -0.146320, -0.113468, -0.139353, -0.064893, 0.028027, 0.147692, -0.033082, -0.142458, -0.027109, -0.044602, -0.032109, -0.175877, 0.106305, 0.158332, -0.072650, -0.122455, 0.095970, 0.010592, 0.163452, 0.104764, -0.034037, 0.156724, 0.070643, -0.017689, 0.091809, 0.123029, -0.128684, 0.119417, 0.091735, 0.087475, 0.006951, -0.091660, 0.142922, 0.110924, -0.125294, 0.154449, 0.133575, 0.135894, -0.080149, 0.086369, -0.024197, -0.118301, -0.063959, 0.027305, 0.040569, 0.004288, 0.163813, -0.120331, 0.150578, 0.116257, -0.139460, 0.084124, -0.155898, -0.132950, -0.139209, 0.058710, 0.118159, -0.151904, -0.074324, 0.122511, -0.021106, 0.168976, -0.047823, -0.094977, -0.119164, -0.001175, 0.007843, 0.135649, 0.104624, 0.183521, 0.161926, 0.146057, -0.064172, -0.025672, -0.120811]
Neuronio 22: bias=0.000000 | pesos=[-0.182787, -0.126908, 0.024437, 0.054888, 0.004117, -0.005994, 0.016740, 0.128937, 0.003532, 0.164673, 0.041224, 0.160271, 0.057726, 0.166466, -0.011822, 0.111134, -0.006315, 0.118516, -0.082039, -0.067088, 0.160583, -0.038226, 0.025323, -0.015532, -0.121379, 0.176329, -0.113041, -0.165632, 0.024003, -0.178182, -0.071141, -0.156279, 0.058335, 0.128139, 0.168258, 0.175380, 0.090457, 0.086071, 0.051590, -0.025209, -0.176681, -0.006159, -0.164409, 0.073854, 0.183150, -0.001357, 0.075098, 0.131505, 0.170922, -0.053574, -0.130559, 0.063866, -0.100255, -0.042183, 0.164653, 0.004991, 0.125131, 0.037306, 0.078242, 0.058526, -0.097418, 0.120668, 0.109614, -0.104701, -0.025042, -0.148696, 0.149963, 0.146107, -0.079878, -0.154521, -0.132578, 0.136796, -0.134030, 0.122218, 0.004961, -0.161439, 0.026993, 0.087044, -0.061164, 0.166167, -0.156075, -0.165042, -0.055130, -0.079778, -0.047641, 0.105526, -0.013730, -0.074877, 0.030646, -0.144892, -0.046109, 0.102525, -0.034147, 0.125091, 0.032261, -0.087783, 0.118259, -0.079316, 0.167525, -0.026389, 0.065690, -0.101708, -0.125976, -0.082336, 0.085982, 0.079708, 0.070300, 0.181218, 0.012859, -0.166908, 0.010887, 0.091752, -0.178691, 0.163572, -0.126906, 0.039884, 0.065724, 0.023371, -0.095214, 0.139136]
Neuronio 23: bias=0.000000 | pesos=[-0.102126, -0.129458, 0.078655, 0.132667, 0.012602, 0.166163, -0.066515, 0.074756, 0.029724, -0.046829, -0.080388, 0.055252, -0.060351, -0.070834, 0.001790, -0.071066, 0.088165, 0.002708, -0.056197, -0.157355, 0.119508, 0.063096, -0.179137, -0.132908, -0.098980, -0.019292, -0.058599, -0.155074, 0.033139, 0.001902, 0.093794, 0.159077, -0.054440, 0.027120, -0.018740, -0.002325, 0.008501, 0.030948, -0.043619, 0.018027, 0.064536, 0.080771, -0.045749, -0.154766, -0.030378, -0.012659, -0.134660, -0.084188, -0.098265, -0.145588, 0.152744, -0.006926, 0.085977, 0.151123, 0.170041, 0.075472, 0.109472, -0.081376, 0.015869, 0.159676, -0.104147, 0.171553, -0.154635, 0.052080, -0.029007, -0.078211, 0.024938, 0.183975, 0.095650, -0.117476, 0.184569, 0.146743, 0.131340, 0.026914, -0.147618, 0.113048, -0.038105, 0.088603, 0.045453, 0.106483, 0.087888, -0.110164, -0.056120, -0.067386, 0.133600, 0.166006, 0.161831, 0.081136, 0.067833, 0.012668, 0.133262, 0.052105, -0.045185, 0.015044, -0.026842, 0.005023, -0.184402, 0.101164, 0.138628, 0.166881, -0.138764, 0.167317, 0.177826, 0.066153, 0.097144, -0.174028, 0.001338, 0.117169, 0.086895, 0.090125, -0.123791, 0.172489, -0.159121, -0.079788, 0.106913, -0.017552, -0.025586, -0.085312, -0.158633, 0.072430]
Neuronio 24: bias=0.000000 | pesos=[0.165787, 0.164485, 0.023623, 0.019393, 0.067300, -0.111444, 0.130665, -0.156096, 0.101730, 0.149522, 0.027249, -0.076660, -0.029728, 0.029085, -0.033115, 0.100105, 0.053563, 0.124069, -0.159790, -0.128915, -0.080311, -0.068067, 0.058516, 0.120964, 0.040454, 0.030349, 0.128274, -0.146837, 0.127962, 0.022896, -0.062527, -0.003652, 0.115351, -0.042996, -0.015155, 0.178688, -0.054621, 0.184679, 0.150034, -0.143060, -0.017057, -0.109117, -0.052504, -0.032116, -0.089770, 0.015115, -0.141018, 0.174518, -0.035695, -0.025497, 0.156870, 0.086317, -0.107462, -0.120569, 0.146049, 0.142843, -0.134819, -0.106949, 0.147082, 0.140764, 0.141103, -0.149555, 0.009591, -0.010173, -0.045114, -0.120670, -0.068602, -0.177045, -0.170092, -0.096815, -0.007395, -0.109070, -0.093115, 0.139905, 0.119032, -0.125654, 0.096976, -0.062922, 0.184459, 0.084044, -0.145835, -0.039173, 0.037427, -0.073514, -0.146903, 0.033071, -0.040304, -0.030845, -0.093708, 0.116082, 0.155243, 0.062365, 0.137968, 0.178661, 0.089729, 0.025689, -0.024880, 0.076474, 0.068839, -0.139446, 0.041013, 0.165993, -0.027412, -0.104783, 0.051257, -0.180935, 0.115779, -0.138194, -0.147794, -0.058617, -0.018863, 0.082523, 0.012242, 0.002529, 0.000038, -0.118788, 0.144883, 0.040458, 0.125523, 0.103131]
Neuronio 25: bias=0.000000 | pesos=[0.107573, -0.102225, 0.160870, -0.171097, -0.026202, 0.062541, -0.014522, 0.172001, 0.052115, -0.086298, -0.031288, 0.178138, -0.145192, 0.142974, 0.176293, -0.096670, -0.084614, -0.053728, -0.027153, -0.132226, -0.129208, 0.035347, 0.167939, 0.156772, 0.032786, -0.142777, 0.139317, 0.145659, 0.063293, -0.170633, -0.126131, -0.136693, 0.031146, -0.170152, -0.138642, 0.091459, 0.134224, 0.107569, 0.061944, 0.034155, -0.090968, -0.055334, 0.006802, 0.182902, -0.138242, 0.175030, 0.152972, -0.030371, -0.168739, -0.180683, -0.086256, -0.002400, -0.082878, 0.125441, -0.163238, 0.074482, -0.060403, -0.176508, -0.139302, 0.039669, 0.025990, -0.012597, 0.032918, -0.026659, 0.022557, 0.106098, -0.169831, 0.165888, 0.047983, -0.087609, 0.004512, 0.121649, 0.050088, 0.054451, 0.108845, 0.079370, 0.160177, 0.125006, -0.065546, -0.011718, 0.090444, 0.021337, -0.072613, -0.107695, 0.131168, 0.001425, 0.159557, 0.059042, -0.051392, -0.062158, -0.048555, -0.010945, -0.170227, 0.022770, 0.086265, 0.040429, 0.065399, -0.099389, 0.120403, 0.175331, 0.114303, 0.155923, 0.058908, -0.167283, -0.086365, -0.176742, 0.159092, 0.076443, -0.042297, 0.006362, -0.010223, 0.124657, 0.010642, -0.062274, -0.028019, -0.181791, 0.078051, -0.116181, -0.081477, -0.053211]
Neuronio 26: bias=0.000000 | pesos=[-0.105155, 0.131737, -0.155380, 0.001710, -0.084276, -0.002276, 0.135060, -0.092530, 0.085835, -0.105781, -0.080307, 0.068685, 0.089496, -0.103436, -0.172099, -0.123924, -0.159940, 0.058108, 0.124501, 0.165652, 0.000294, -0.128985, -0.024287, -0.176368, 0.180808, 0.032964, -0.084451, 0.135211, -0.063761, -0.184050, 0.174347, -0.038216, -0.020604, 0.103214, 0.099226, 0.106872, 0.092996, 0.021140, -0.151338, 0.086885, 0.039718, 0.009776, -0.114209, -0.032834, 0.031930, -0.121500, -0.183049, -0.093789, -0.061954, 0.043231, -0.119210, -0.018619, -0.122312, 0.141693, -0.011255, -0.042258, 0.039227, 0.072502, -0.114788, -0.005279, -0.131971, -0.039291, -0.036161, -0.030827, 0.049735, -0.057096, 0.179071, 0.149179, -0.166013, 0.009217, -0.170676, 0.050311, 0.164728, 0.060036, -0.081702, -0.155469, -0.182220, -0.060431, -0.179063, -0.011036, -0.059321, 0.114733, -0.180087, -0.150574, 0.076303, -0.036302, -0.084990, -0.069619, -0.027534, 0.165096, -0.014793, 0.076650, -0.080981, -0.141455, 0.049632, -0.176949, -0.060683, 0.138150, -0.014137, 0.024624, 0.080473, -0.158166, 0.080520, -0.026198, 0.004022, -0.096979, 0.145461, -0.074851, 0.112553, 0.172610, -0.145953, 0.173533, 0.035380, 0.165763, 0.168291, 0.147322, -0.007623, 0.128863, 0.150388, 0.149383]
Neuronio 27: bias=0.000000 | pesos=[-0.045991, -0.126367, -0.051317, -0.138554, -0.005307, 0.093393, 0.140283, -0.102424, -0.163531, 0.031860, -0.083489, -0.047324, 0.071249, -0.177273, -0.095949, -0.157019, 0.086122, -0.176401, -0.128772, -0.161920, -0.172851, 0.000534, -0.034952, -0.057116, -0.113098, -0.150980, 0.135958, -0.068002, 0.038781, -0.123471, -0.073328, -0.014464, 0.115582, -0.125193, 0.064517, 0.154134, -0.050139, -0.055155, -0.104256, -0.163164, 0.047708, 0.006105, 0.011140, 0.176068, -0.036885, -0.150314, 0.024794, 0.171967, -0.034781, -0.125432, -0.076343, 0.106651, 0.155964, 0.112460, 0.135586, -0.117158, 0.068606, -0.012952, -0.031476, 0.167463, 0.083198, -0.090835, -0.046861, 0.144193, 0.017948, 0.107671, 0.183602, -0.151678, 0.168677, 0.159773, -0.049221, -0.137400, 0.131498, 0.123882, 0.148746, 0.033752, -0.153741, -0.117565, 0.154266, 0.057410, -0.010902, 0.013851, 0.136345, -0.084134, 0.034784, -0.001793, -0.028013, -0.075805, 0.028567, 0.096338, 0.157142, -0.096935, 0.146954, 0.003756, -0.024042, 0.175946, 0.026670, 0.010415, -0.145633, 0.080023, 0.079385, 0.009544, 0.029018, 0.074638, 0.047662, -0.159442, 0.148482, -0.028265, -0.037036, -0.078376, -0.061401, -0.151742, -0.052749, -0.170827, -0.094217, 0.040030, 0.036995, 0.129273, 0.167339, 0.100726]
Neuronio 28: bias=0.000000 | pesos=[-0.001303, 0.001672, 0.016497, -0.001381, -0.172711, 0.112564, 0.161989, 0.092002, -0.021611, -0.099090, 0.124782, -0.175016, -0.143763, -0.015932, -0.095809, 0.062135, 0.112532, 0.043390, -0.031961, -0.099804, 0.042524, -0.017708, -0.077066, 0.077915, -0.052191, -0.082109, -0.007587, -0.018025, -0.150079, 0.166927, 0.023219, 0.115240, 0.136564, -0.031450, 0.096956, 0.050451, -0.032339, 0.075103, -0.096411, -0.052732, -0.057794, 0.049019, 0.170013, 0.011282, -0.165882, 0.101333, 0.010279, -0.168147, -0.053346, -0.096979, 0.095146, -0.030945, -0.079377, 0.034964, 0.118866, -0.140756, -0.131694, 0.183706, -0.149285, 0.057421, 0.036904, -0.113993, 0.161948, 0.012329, -0.088736, 0.122454, 0.166794, -0.134700, 0.027407, 0.148572, -0.056080, 0.029916, -0.000617, -0.020179, -0.023979, 0.095273, -0.043400, -0.147138, -0.008225, 0.121303, -0.142512, -0.030422, 0.038228, 0.074668, -0.127901, -0.007876, 0.067510, 0.169355, -0.038154, -0.060885, 0.042412, -0.073993, -0.058997, 0.137105, -0.076206, -0.181806, -0.124513, -0.004597, -0.147549, -0.123458, 0.153858, 0.049873, -0.103568, 0.170147, -0.030847, -0.175064, 0.167840, -0.041047, 0.128165, 0.022163, -0.078532, 0.095585, -0.176061, 0.100635, 0.034720, 0.068949, -0.025859, -0.089000, 0.032505, -0.040991]
Neuronio 29: bias=0.000000 | pesos=[0.046649, -0.058780, 0.002788, -0.007078, 0.064817, 0.072166, 0.038278, -0.109257, 0.140592, 0.144652, -0.145474, -0.089444, 0.170468, 0.161368, -0.157135, -0.068412, -0.070829, -0.111440, -0.010039, 0.098032, 0.159975, 0.032780, -0.179181, -0.097996, 0.060039, -0.054658, -0.133948, 0.137574, -0.145599, -0.113927, -0.083879, 0.062492, -0.067655, -0.140219, -0.159447, 0.054487, 0.142239, 0.030478, -0.165889, 0.171721, 0.147623, -0.119707, -0.152230, 0.093219, 0.141239, -0.048753, 0.077454, -0.043959, 0.149647, 0.100250, 0.149624, -0.140424, -0.004325, -0.153952, 0.000885, -0.130400, 0.098866, -0.075937, -0.176524, 0.047722, 0.157726, -0.072557, 0.107844, -0.026649, -0.019183, -0.025444, -0.019573, -0.069667, 0.139632, 0.020501, 0.037181, 0.167453, 0.106419, -0.053022, 0.003960, 0.107201, -0.081875, 0.027703, 0.022491, -0.146325, 0.162780, -0.007302, -0.141120, 0.092443, -0.143574, 0.172914, -0.040479, -0.136363, 0.121778, 0.051761, 0.004265, -0.083913, 0.064628, -0.143912, -0.123074, 0.043642, 0.036184, -0.007968, 0.111896, 0.158252, 0.009876, 0.162877, -0.182987, 0.100415, -0.105659, 0.012602, -0.178039, -0.054441, 0.003085, -0.132837, -0.149077, 0.176730, 0.032604, 0.131473, 0.119277, -0.007092, -0.100431, 0.122557, 0.051622, -0.085002]
Neuronio 30: bias=0.000000 | pesos=[0.015537, 0.147390, 0.173132, -0.162290, 0.134621, -0.154783, -0.142722, -0.007817, 0.114796, 0.161464, -0.110401, 0.015602, -0.113749, 0.125524, 0.164891, 0.104937, 0.028295, -0.117625, 0.137229, 0.012415, 0.150484, -0.149199, 0.010012, -0.017722, 0.148405, 0.024141, 0.116970, 0.054111, 0.130781, 0.045088, 0.109104, 0.089526, -0.038069, 0.120266, 0.027694, -0.090565, -0.025846, -0.137093, 0.063302, -0.074245, -0.019925, -0.137109, 0.026355, -0.035400, -0.011708, 0.149965, 0.062321, -0.089342, -0.027833, 0.130556, -0.170349, 0.095472, -0.030588, -0.035488, 0.059142, 0.054886, 0.139213, -0.105307, -0.086701, 0.013380, -0.144884, 0.136977, 0.106341, -0.181744, 0.086096, 0.114430, 0.184408, -0.045253, -0.128751, -0.178110, -0.174247, 0.090497, -0.037453, -0.087026, -0.091128, 0.073242, 0.141856, -0.096408, -0.036764, 0.035142, -0.010993, -0.097700, 0.066767, -0.101621, -0.099388, 0.119074, -0.111711, -0.128725, -0.115618, -0.159504, -0.101325, -0.118881, 0.059212, 0.032762, -0.087411, -0.037156, 0.036595, 0.110620, -0.172926, -0.086615, -0.062026, 0.172132, 0.105228, 0.164350, 0.171767, 0.088312, 0.156322, 0.068200, -0.039110, -0.093435, 0.017245, -0.183054, 0.143411, 0.054862, 0.172347, 0.123683, 0.065542, 0.181317, -0.124455, -0.163851]
Neuronio 31: bias=0.000000 | pesos=[0.056143, -0.132541, -0.055714, -0.064462, 0.089264, -0.141043, 0.020381, 0.091300, 0.070916, 0.085010, -0.040143, -0.158880, -0.164797, 0.165421, -0.041034, -0.167643, -0.169373, 0.159152, -0.078000, 0.003638, 0.058069, -0.012645, -0.126239, -0.041931, -0.068918, 0.124062, 0.111647, 0.091473, -0.116950, -0.112221, -0.103020, 0.074269, -0.127821, 0.181004, 0.043885, 0.016992, -0.145703, 0.115106, -0.059482, -0.159699, 0.032078, -0.072315, -0.148001, -0.132591, -0.125493, 0.011240, 0.053876, 0.027512, 0.127635, 0.113943, -0.094058, 0.067155, 0.025606, 0.109394, 0.122207, 0.005399, -0.026356, 0.169992, 0.131600, -0.059252, 0.165118, 0.172435, 0.168145, 0.121931, -0.170600, -0.070731, 0.054903, 0.004009, 0.155512, -0.115332, 0.010866, 0.122056, 0.139681, -0.078284, 0.105592, 0.026684, 0.143165, -0.143038, 0.151878, 0.160590, -0.083524, -0.148689, 0.089646, 0.103441, 0.002834, -0.125647, -0.155646, -0.117940, -0.051672, 0.167982, 0.078803, -0.166878, 0.066495, -0.167449, 0.021224, 0.143163, -0.080809, -0.032804, -0.091871, 0.174475, 0.074777, -0.133274, 0.171763, -0.177350, -0.015616, -0.074374, 0.142472, 0.182999, 0.070480, 0.117419, 0.022255, 0.035051, -0.134258, -0.060075, 0.001924, 0.184053, 0.141305, -0.167184, 0.008801, 0.041983]
Neuronio 32: bias=0.000000 | pesos=[0.100417, -0.014991, 0.115840, -0.107067, -0.152036, 0.015746, 0.152826, 0.011559, 0.041090, 0.180840, 0.102805, -0.010040, -0.115965, -0.093658, -0.122153, -0.125428, 0.096567, 0.098386, 0.040842, 0.122046, -0.176054, -0.161740, -0.182673, 0.013297, 0.159475, 0.041624, 0.058583, -0.059262, 0.162554, -0.004427, 0.183921, -0.049927, -0.000265, 0.143768, -0.151580, 0.106451, 0.183756, -0.026311, -0.139918, 0.042147, 0.113609, -0.142159, -0.019561, -0.098319, 0.104537, -0.145264, -0.097547, -0.058851, 0.059429, -0.160977, 0.140430, -0.056747, 0.159371, 0.148694, 0.087676, 0.062787, -0.058829, 0.079303, -0.137060, 0.137628, 0.064261, 0.129660, -0.159284, -0.094003, -0.095484, -0.022133, 0.162411, -0.141092, -0.016195, 0.077538, 0.036680, 0.061837, -0.138074, -0.103625, -0.054828, 0.056139, 0.082002, -0.014228, -0.130599, 0.022545, 0.079009, -0.166750, 0.093881, -0.118136, -0.128347, 0.119374, 0.003453, 0.078095, 0.117654, -0.054041, -0.104142, -0.048367, -0.127015, -0.174893, -0.100057, 0.180370, -0.030123, 0.074902, -0.047367, 0.154523, -0.081377, 0.128113, 0.145606, -0.002001, 0.165292, -0.134447, 0.092814, 0.112039, 0.000106, 0.029081, -0.010284, -0.140945, -0.058566, 0.043071, 0.038943, 0.096920, -0.013072, -0.076276, 0.150074, 0.045919]
Neuronio 33: bias=0.000000 | pesos=[0.123272, -0.158386, 0.172793, -0.100086, 0.012868, 0.049087, -0.018166, 0.177335, -0.095885, -0.007539, -0.029253, -0.013003, 0.023923, 0.019779, 0.122784, -0.169369, -0.176421, 0.058165, 0.076107, 0.041043, -0.170943, 0.120750, 0.128174, 0.145821, 0.158892, -0.095503, 0.112105, 0.066108, 0.039071, 0.122573, 0.149601, -0.183440, -0.100459, -0.142437, -0.032918, -0.129825, 0.121517, -0.024506, 0.094800, 0.148271, -0.080320, 0.062673, -0.002966, 0.155755, -0.158247, -0.067361, 0.171900, 0.157773, 0.176722, 0.022942, -0.125948, -0.126800, 0.035707, 0.010425, 0.083839, -0.006810, -0.068044, 0.084051, -0.009808, -0.162861, -0.148874, -0.132803, 0.017208, -0.093972, -0.084651, 0.075167, 0.100664, -0.129824, -0.139975, 0.088028, -0.055056, -0.091691, -0.164399, -0.174673, -0.031581, -0.070093, 0.173380, 0.171946, -0.128630, -0.088513, 0.105998, 0.091897, 0.007234, -0.073173, -0.146963, -0.070951, -0.025868, 0.184641, -0.170470, -0.169500, 0.150499, 0.035815, -0.098903, 0.085005, 0.013276, -0.178933, 0.018096, 0.166186, -0.140951, 0.099165, 0.116411, 0.051806, 0.112973, 0.152049, 0.046286, 0.130459, -0.158892, -0.165263, -0.133336, -0.162967, -0.132338, 0.104152, -0.147837, 0.079499, 0.102321, 0.177392, 0.003773, -0.032525, -0.130995, -0.089889]
Neuronio 34: bias=0.000000 | pesos=[0.037602, -0.009504, 0.096613, 0.150205, -0.090415, -0.174360, 0.124960, -0.085238, -0.014340, 0.076189, -0.157346, 0.078546, 0.024168, 0.170342, 0.151810, -0.073907, -0.045302, 0.004613, 0.032898, -0.165368, -0.115364, 0.085242, 0.161881, 0.087310, -0.160821, -0.061553, 0.170015, -0.143959, 0.002099, -0.144941, 0.069670, -0.152418, -0.183749, -0.032987, 0.084860, 0.009137, 0.185081, -0.180144, -0.093254, 0.096542, -0.051516, 0.053857, 0.129913, 0.102232, -0.057255, -0.018385, -0.136455, 0.005615, 0.179629, -0.032660, -0.113455, 0.041893, 0.066684, 0.142673, 0.106178, -0.109723, -0.054062, -0.092559, 0.135086, -0.107456, 0.159845, 0.113529, -0.130558, 0.162943, -0.097991, 0.108327, 0.040672, -0.096408, 0.112270, -0.065873, 0.120750, -0.041483, 0.037917, 0.117331, 0.029036, -0.072876, -0.048012, 0.157699, 0.103006, 0.117364, -0.123830, -0.026454, 0.012261, -0.052641, -0.022708, 0.061717, -0.046386, -0.014991, 0.165646, -0.106344, -0.156549, -0.098464, -0.150163, 0.077396, -0.052713, 0.125623, -0.003975, 0.123444, 0.179145, -0.034391, -0.016324, 0.011831, 0.071700, 0.061461, -0.050461, -0.152161, 0.115833, -0.017793, 0.027253, 0.041139, -0.033778, 0.160441, -0.041471, -0.170276, -0.157261, -0.086993, 0.158119, 0.013474, -0.079826, 0.063644]
Neuronio 35: bias=0.000000 | pesos=[0.111017, -0.121033, -0.039387, 0.038138, -0.177056, 0.160771, 0.094076, 0.153023, -0.092702, 0.154390, -0.065028, -0.067392, 0.165784, 0.074902, 0.047004, -0.025667, 0.005903, -0.069637, 0.008041, 0.044441, 0.170653, 0.007741, -0.159609, -0.154173, -0.178603, 0.180481, -0.066947, 0.170421, 0.130168, -0.061048, 0.103291, 0.130242, -0.162499, -0.097697, -0.076371, 0.032958, 0.043018, 0.049395, 0.065965, 0.046798, -0.022569, -0.109142, 0.150715, -0.142535, 0.007846, -0.136635, 0.149443, 0.056223, 0.036175, 0.176356, 0.151633, -0.032661, -0.062835, 0.105649, -0.121812, -0.111441, -0.107771, 0.075829, -0.143018, 0.000148, -0.045759, 0.113914, -0.178918, 0.067617, -0.057007, 0.081592, 0.137420, -0.032805, 0.145394, -0.037143, -0.023614, -0.092634, 0.176772, -0.130486, -0.075178, -0.016786, -0.096525, -0.106097, 0.019843, -0.141650, -0.131593, 0.057316, 0.086533, 0.023482, -0.061433, -0.008196, -0.055002, -0.032961, -0.164245, 0.161699, -0.025118, 0.140443, -0.126395, 0.040086, -0.093376, -0.128724, 0.147010, 0.135965, 0.026958, 0.120801, -0.056862, -0.174773, 0.155367, -0.119937, -0.150320, 0.048138, -0.173102, 0.184647, -0.030672, 0.111445, 0.069645, -0.029151, -0.006639, -0.040373, 0.010214, -0.150587, -0.040258, -0.177652, -0.169199, -0.048982]
Neuronio 36: bias=0.000000 | pesos=[-0.076025, 0.020356, -0.119477, 0.066355, 0.153682, -0.002811, 0.130182, -0.128035, -0.136123, 0.112429, -0.079355, 0.089990, 0.105160, -0.087652, -0.039190, 0.109672, 0.026768, -0.024545, 0.083710, -0.177199, 0.017017, -0.137707, -0.116241, -0.081794, -0.149741, -0.028886, 0.041119, -0.126450, -0.074137, -0.127048, -0.100168, -0.110999, 0.056386, 0.033229, -0.089463, 0.136605, 0.166765, 0.086389, 0.051398, 0.159420, -0.062963, -0.031414, -0.029137, 0.013295, 0.169197, 0.017513, 0.115354, 0.000061, -0.020184, -0.152279, 0.145382, -0.152223, -0.139993, 0.020132, 0.129727, -0.080044, 0.122476, 0.041996, 0.053874, -0.080492, -0.029385, -0.153386, 0.003255, 0.073147, 0.172101, 0.028144, 0.181605, 0.127963, 0.085667, 0.035528, -0.091307, 0.023066, 0.076603, 0.084617, 0.060620, -0.067973, -0.121871, 0.127176, 0.022786, 0.170140, 0.166991, -0.158649, 0.018126, 0.100035, 0.045541, -0.070507, -0.081304, -0.139384, 0.005384, -0.067772, -0.126819, 0.105433, -0.022591, -0.042719, -0.114851, -0.052521, 0.162814, 0.079474, -0.131139, -0.087290, -0.152886, 0.006089, 0.048370, -0.024502, 0.062480, -0.173573, 0.135730, 0.041725, -0.002694, -0.012230, -0.163219, 0.067321, -0.075126, -0.021345, -0.164498, 0.182917, -0.062675, -0.102570, 0.046762, 0.061484]
Neuronio 37: bias=0.000000 | pesos=[0.137815, -0.043663, 0.088878, 0.085470, 0.100897, 0.067451, 0.058869, 0.178437, 0.097623, -0.080083, -0.156248, 0.157392, 0.166879, 0.113822, -0.064335, 0.093446, -0.112640, 0.171483, -0.163670, 0.124605, 0.126428, 0.072155, -0.061586, 0.090716, -0.173998, -0.166798, -0.119582, 0.003324, 0.098560, -0.008026, -0.053556, 0.100390, -0.122029, 0.020248, 0.127804, -0.016191, 0.183311, 0.057806, -0.107007, 0.054004, -0.042558, -0.143200, -0.102136, -0.002979, -0.096941, -0.138516, 0.050444, 0.059278, -0.035397, 0.066527, 0.061998, 0.048443, -0.092032, -0.122527, 0.058896, -0.183621, -0.055403, 0.058305, 0.128156, -0.002850, 0.152127, -0.172619, 0.023515, -0.019944, -0.027331, 0.036057, -0.173155, -0.136513, -0.131474, 0.084157, -0.157879, -0.178493, -0.026058, -0.063879, 0.061240, -0.099427, -0.135066, -0.032076, 0.062864, 0.117632, 0.019215, 0.089035, -0.056093, 0.111814, -0.105960, 0.032423, -0.146566, -0.113948, -0.079315, 0.118089, -0.174856, -0.022275, -0.002492, 0.059104, -0.164372, -0.129802, -0.125138, -0.086915, 0.112851, -0.005786, 0.140172, 0.028928, 0.179886, 0.048813, 0.162702, -0.117160, -0.108608, 0.032293, -0.060851, 0.030523, -0.182509, 0.154241, -0.129180, -0.160576, -0.000896, -0.016492, -0.127196, -0.172391, -0.103607, -0.182703]
Neuronio 38: bias=0.000000 | pesos=[0.019595, -0.009624, 0.000483, 0.174261, 0.026038, 0.125469, -0.125126, -0.142498, 0.053148, 0.055300, 0.127344, -0.122647, 0.151189, -0.056819, 0.148279, 0.112716, 0.087374, -0.091917, -0.063937, 0.177370, -0.093847, -0.061159, 0.029030, 0.014403, 0.052263, -0.041961, -0.056905, 0.150489, -0.130126, 0.058448, 0.066769, 0.096241, 0.036909, 0.146419, 0.139751, 0.172953, 0.051488, 0.177252, 0.158155, -0.056801, -0.079992, -0.031857, 0.057317, -0.084189, -0.018636, -0.005566, 0.098285, -0.171309, -0.062018, 0.038500, 0.118335, 0.175618, -0.003365, 0.007861, -0.137365, -0.124387, -0.053139, -0.022248, 0.058049, 0.058818, -0.115564, -0.055325, 0.059889, -0.058241, 0.117858, 0.026614, 0.182602, -0.006069, 0.116619, -0.122836, 0.180905, -0.039647, -0.038166, 0.069545, 0.178071, 0.177408, -0.022351, 0.171562, 0.083151, 0.167705, -0.018912, 0.026243, -0.066156, -0.152909, 0.068324, 0.153416, 0.172313, 0.030544, -0.155842, -0.010510, 0.149402, 0.088894, 0.132679, 0.004601, 0.080137, -0.008065, 0.044578, -0.105745, 0.121854, 0.110543, -0.010570, 0.006164, 0.045186, -0.033105, 0.097283, 0.132263, -0.124003, 0.001051, -0.009368, 0.169236, -0.172835, -0.084300, 0.009208, 0.018647, -0.047416, 0.007791, 0.070347, -0.086812, -0.019907, -0.169951]
Neuronio 39: bias=0.000000 | pesos=[-0.002389, -0.115304, 0.008454, -0.120630, 0.168455, -0.008002, -0.093120, 0.044112, -0.007323, 0.074728, -0.024424, 0.044430, 0.042282, -0.003916, 0.128491, 0.082927, -0.080560, -0.149604, -0.099011, 0.098366, 0.111751, 0.022650, 0.032256, 0.164411, -0.160511, 0.172372, -0.164958, 0.027272, -0.162318, 0.018996, 0.149189, -0.127064, -0.046052, -0.148084, -0.160797, 0.014603, -0.158850, -0.169608, -0.173166, -0.070797, -0.031379, -0.103322, 0.036403, -0.100523, -0.045515, -0.084882, 0.090878, -0.100826, -0.006070, -0.112369, 0.001907, 0.085877, 0.066806, -0.071149, 0.050655, -0.142099, 0.117567, -0.156331, -0.157186, 0.010809, -0.182099, -0.127086, 0.107978, -0.016935, -0.050931, -0.014464, -0.112537, 0.106690, -0.137410, -0.129134, 0.180289, -0.017013, -0.175989, -0.009770, -0.050065, 0.166540, -0.043266, 0.180736, -0.171827, 0.115371, 0.022033, -0.025008, -0.126182, -0.143537, -0.058731, 0.099827, 0.150384, 0.024334, 0.063142, 0.112818, -0.101885, -0.158085, -0.042017, 0.136636, 0.106465, 0.176214, 0.095834, 0.054035, -0.128688, 0.050377, -0.033833, -0.168474, -0.180899, -0.051106, -0.071033, -0.150495, -0.148743, 0.073784, 0.157881, -0.033437, -0.132814, 0.002177, 0.011481, -0.184107, -0.123461, -0.095607, 0.179148, -0.109785, -0.136801, -0.171993]
Neuronio 40: bias=0.000000 | pesos=[-0.135193, 0.052222, 0.174268, -0.159303, -0.101981, -0.119342, -0.087725, 0.006289, -0.040889, -0.068938, 0.015426, 0.130646, -0.061680, -0.144528, 0.114460, 0.093657, 0.149538, 0.041473, -0.049572, -0.073310, -0.010619, 0.064264, 0.168330, -0.160032, -0.107556, -0.162491, -0.060916, -0.108839, 0.049856, -0.034802, 0.029987, 0.125541, 0.002616, 0.171402, 0.041540, 0.028702, -0.032104, 0.119273, 0.128001, -0.005930, -0.178282, 0.107155, 0.013240, 0.006546, 0.117668, 0.156278, 0.153422, 0.033969, -0.060701, -0.150232, -0.079794, 0.037154, -0.013900, 0.092789, 0.165399, 0.097963, -0.116613, 0.025409, 0.074630, -0.015971, 0.145975, 0.154480, 0.121925, 0.133506, -0.005864, -0.091397, 0.032925, 0.064479, 0.073403, -0.042691, -0.042150, -0.164275, 0.162383, -0.019707, 0.180559, 0.007860, -0.053744, -0.016835, -0.118796, -0.093835, -0.000894, 0.101167, 0.056204, 0.072437, 0.097726, -0.158837, -0.147753, -0.093754, -0.024517, -0.079583, 0.033799, 0.018226, -0.014060, 0.009100, -0.114210, -0.170228, 0.044581, 0.020274, 0.062482, 0.013186, -0.009085, 0.031668, -0.148538, -0.178293, -0.065210, 0.172363, -0.134567, 0.179324, 0.151569, 0.042862, -0.137812, 0.034291, 0.025084, -0.120338, -0.068024, 0.015942, 0.086905, -0.055252, 0.142768, -0.073183]
Neuronio 41: bias=0.000000 | pesos=[-0.062108, -0.107543, -0.036982, -0.174146, 0.157307, -0.083120, 0.094650, 0.081199, 0.100972, -0.017695, -0.165622, 0.041672, 0.041368, 0.097210, -0.116287, 0.165327, 0.065256, 0.079438, 0.103062, 0.054913, 0.163433, -0.027254, -0.117415, 0.062805, 0.088843, 0.068120, 0.100383, -0.063214, -0.069126, 0.113085, 0.139110, 0.059899, 0.095976, 0.125937, 0.158009, 0.043827, -0.174687, -0.131737, -0.062658, 0.121065, 0.090123, -0.071393, -0.180163, 0.082751, 0.004323, 0.160523, 0.023455, 0.080412, 0.107402, 0.020124, -0.118171, 0.176333, -0.143321, 0.141121, 0.089600, -0.022092, 0.079003, 0.027653, 0.120568, 0.128148, -0.015009, -0.167652, -0.177606, 0.111252, -0.140317, 0.042568, 0.016537, -0.163074, -0.056069, -0.016520, 0.149892, -0.138700, 0.052313, -0.166427, 0.127044, -0.007587, -0.104478, 0.114610, -0.011014, 0.024866, 0.063027, -0.051473, 0.094409, -0.019625, 0.002805, -0.140405, -0.134509, -0.009556, -0.179404, 0.042983, -0.131728, -0.020556, -0.181427, 0.181409, 0.174616, -0.053192, 0.043701, -0.079975, -0.112652, 0.134030, -0.183785, -0.010846, 0.012978, 0.089751, -0.027825, 0.104448, 0.011914, -0.000191, -0.038374, 0.130343, 0.108770, 0.145477, 0.174375, 0.121920, -0.040179, 0.114068, -0.122439, -0.111512, -0.163159, -0.059781]
Neuronio 42: bias=0.000000 | pesos=[0.060996, -0.066083, -0.082159, 0.056544, 0.161875, -0.080961, 0.129543, 0.164454, 0.165048, 0.152977, 0.154499, 0.024565, -0.182231, 0.007067, -0.171521, 0.111763, -0.146365, 0.083385, 0.133994, 0.162617, 0.158687, 0.140998, -0.094446, -0.103579, -0.055717, 0.064749, -0.045190, 0.081715, -0.014170, 0.027700, 0.093810, -0.143870, 0.028686, 0.160297, -0.063100, 0.002847, -0.110894, 0.171805, -0.135337, 0.181931, 0.100831, -0.068423, -0.001719, 0.097608, -0.181727, -0.049721, -0.173907, 0.095491, -0.168648, 0.038719, -0.154635, -0.052838, 0.141673, 0.059463, 0.025008, 0.041550, 0.059496, 0.007355, -0.072794, -0.094002, 0.105251, 0.040167, -0.012178, -0.044859, 0.154291, 0.101669, 0.110651, -0.032056, 0.152832, -0.012826, -0.111555, 0.095785, 0.167345, 0.065700, 0.136007, -0.059039, -0.158843, -0.149211, -0.022010, -0.141846, 0.157016, 0.159610, -0.090452, -0.044845, -0.127252, 0.184197, -0.174217, 0.061675, -0.049043, 0.102912, 0.069815, 0.026914, 0.034671, 0.177810, -0.125021, 0.038803, -0.056178, -0.069427, -0.167341, 0.161978, 0.083591, -0.145083, -0.145182, 0.112573, -0.070931, 0.146578, -0.059377, 0.089140, -0.050146, -0.106675, -0.018576, 0.182433, 0.071448, 0.183159, 0.049593, 0.163399, 0.155330, 0.105117, 0.026127, -0.178512]
Neuronio 43: bias=0.000000 | pesos=[0.094679, 0.075127, -0.110925, -0.019978, 0.096962, 0.149954, 0.093864, -0.035775, 0.138275, 0.089209, -0.102801, -0.007952, 0.079250, -0.125543, -0.051670, 0.064286, -0.168815, 0.064941, -0.066290, 0.065219, 0.182054, 0.145704, 0.106409, 0.167197, -0.178744, -0.076530, -0.107389, 0.106413, -0.006060, -0.114411, -0.034845, -0.170927, 0.110876, -0.005954, -0.012463, -0.058297, -0.106933, -0.057554, 0.182148, 0.055028, 0.107579, -0.108289, -0.088550, -0.055562, -0.081580, 0.183966, 0.098789, -0.131272, -0.073895, -0.072065, 0.140201, -0.117179, 0.101670, -0.082947, 0.095755, 0.163719, -0.020728, 0.115778, 0.039716, -0.008808, 0.155730, 0.049552, -0.183029, 0.043127, 0.038755, -0.031690, 0.015803, 0.081790, 0.144662, 0.140336, -0.139064, 0.148625, -0.153077, 0.070924, 0.073064, -0.038995, -0.153081, 0.081283, 0.092238, 0.176565, 0.046086, -0.053980, -0.070075, -0.069967, -0.028112, -0.068364, 0.029470, 0.135499, -0.134181, -0.077550, -0.115721, 0.101724, -0.096904, -0.150647, 0.042337, 0.059483, -0.154997, 0.133283, -0.182599, 0.040442, -0.110540, 0.041522, -0.049672, 0.006601, -0.031125, 0.039172, -0.071859, 0.093562, -0.043862, 0.045744, -0.163977, 0.013091, 0.174272, 0.049603, 0.047109, -0.042221, -0.143907, 0.129638, 0.069636, 0.004047]
Neuronio 44: bias=0.000000 | pesos=[0.086819, -0.163103, -0.056012, -0.144771, 0.164854, -0.078423, -0.113765, -0.056099, -0.145723, 0.129317, -0.085978, -0.058233, 0.141249, 0.105398, -0.107938, 0.146406, -0.063969, 0.122937, -0.064464, 0.171251, -0.146792, 0.115026, -0.086638, 0.106477, -0.086290, 0.112509, 0.032090, -0.029884, -0.126776, -0.156539, 0.054409, -0.011957, 0.115339, 0.175599, 0.098394, -0.150483, 0.011854, 0.024190, 0.048926, -0.176772, -0.041381, -0.033044, -0.117544, -0.161178, 0.134022, 0.094904, 0.030643, 0.153413, 0.009261, -0.015552, -0.111436, 0.039062, 0.056103, -0.093088, -0.178877, -0.080372, -0.091844, 0.029705, 0.054053, 0.096973, 0.010224, -0.027777, 0.184864, -0.099863, 0.125243, -0.036154, -0.013442, 0.051599, -0.062338, -0.091634, -0.090900, -0.164610, -0.093446, -0.103786, 0.140167, -0.020677, 0.065931, -0.085915, -0.167805, -0.116983, -0.073935, 0.109521, -0.174622, -0.098682, 0.109049, 0.056836, -0.171411, 0.073011, 0.142404, -0.125537, -0.009456, 0.124320, -0.118829, -0.119591, 0.028200, -0.067564, 0.004497, -0.008141, 0.065656, -0.049677, 0.014552, -0.007074, 0.003217, 0.161136, -0.185107, 0.041290, -0.072672, -0.124351, -0.126459, -0.052848, -0.020099, 0.175055, -0.087445, 0.170074, -0.054318, -0.026535, -0.009153, -0.031954, -0.164091, -0.131799]
Neuronio 45: bias=0.000000 | pesos=[0.134934, -0.030591, 0.001257, -0.112074, 0.122762, -0.083536, -0.012392, 0.013893, 0.140314, 0.039502, 0.141453, 0.103449, 0.083416, 0.104097, -0.129660, -0.045072, -0.072389, -0.136613, -0.172420, 0.002362, -0.022351, 0.008316, -0.128972, 0.156547, 0.154083, 0.040276, -0.101269, 0.181814, 0.057875, -0.081536, 0.052684, 0.183310, -0.033035, -0.095556, 0.103505, 0.184828, -0.053277, -0.060169, 0.136845, 0.179283, 0.174417, 0.119151, 0.093495, -0.097222, 0.080021, 0.128465, -0.042908, -0.106807, 0.172951, 0.163824, 0.006262, -0.069241, -0.001935, 0.112884, 0.096138, 0.128187, 0.001064, 0.178236, -0.144963, -0.024563, -0.027732, -0.013530, 0.095464, -0.003445, 0.122469, 0.077850, -0.020269, -0.066497, 0.151329, 0.161098, 0.156082, 0.175561, -0.178662, 0.181386, -0.151039, -0.078329, 0.124035, -0.098674, -0.002162, 0.058905, 0.065142, 0.120638, -0.053145, 0.152415, 0.128682, 0.081505, -0.121956, 0.039175, 0.093531, 0.078473, 0.123742, 0.111794, -0.139558, 0.090071, 0.099291, -0.094502, -0.074080, -0.044424, 0.061379, -0.049918, 0.131827, 0.170786, -0.019345, -0.107707, -0.061114, 0.055494, 0.170981, 0.184709, 0.045637, -0.072856, -0.163894, -0.070927, 0.019559, -0.130199, -0.130307, 0.164550, 0.065137, 0.127978, 0.163771, 0.075602]
Neuronio 46: bias=0.000000 | pesos=[0.047449, -0.088088, -0.140780, -0.128784, -0.143666, 0.080423, 0.149089, -0.119144, -0.166800, 0.112945, 0.023987, -0.122320, 0.001603, -0.004660, 0.066689, -0.178024, 0.018642, 0.162330, -0.044751, 0.008597, 0.015264, 0.179994, -0.073509, 0.032787, -0.101499, 0.143230, 0.035958, 0.011577, 0.060047, -0.046703, -0.062683, -0.114162, 0.067047, 0.178608, 0.078284, 0.180460, -0.109066, 0.030939, -0.069491, -0.046390, 0.102166, -0.126183, 0.017253, -0.181768, -0.154482, 0.158578, -0.066936, -0.100199, -0.003148, -0.093216, 0.042655, -0.059731, 0.043547, 0.117207, -0.057275, -0.117428, 0.128507, 0.159859, 0.124422, 0.144076, -0.046020, 0.062183, 0.108940, -0.126923, -0.177834, -0.168502, 0.054500, 0.055640, -0.014107, 0.083827, -0.040478, 0.119455, -0.100936, -0.158380, 0.181168, -0.146951, -0.113035, 0.019567, -0.042788, 0.097807, 0.175537, -0.058648, -0.067582, 0.154753, -0.171861, -0.149093, -0.059757, -0.112515, 0.120821, -0.101612, -0.052965, 0.002550, 0.100766, -0.092220, 0.170777, 0.114134, 0.103125, -0.160935, 0.154031, -0.017582, 0.110567, 0.138398, 0.089353, 0.168747, -0.107436, -0.100609, -0.064394, -0.132770, 0.118090, -0.001109, 0.165046, 0.062607, 0.126249, -0.149503, 0.030492, 0.125242, -0.095003, -0.068384, -0.179517, 0.115022]
Neuronio 47: bias=0.000000 | pesos=[-0.076448, 0.173729, -0.138193, -0.144708, 0.050813, 0.139166, 0.155561, -0.094539, -0.002471, -0.017403, 0.107815, 0.029501, -0.014952, 0.132665, 0.077470, 0.109890, -0.138933, -0.080058, -0.021448, -0.162056, -0.166468, -0.094960, -0.087394, -0.106102, -0.021485, 0.166265, -0.006217, -0.140992, 0.091753, -0.110793, 0.157601, -0.178262, 0.030742, 0.016574, -0.124843, 0.126399, -0.028025, 0.097013, 0.009826, 0.165377, 0.123922, -0.169939, -0.017935, -0.053930, 0.105294, 0.036467, 0.114409, -0.007424, -0.109785, -0.135948, 0.136216, -0.021962, -0.061171, 0.095390, -0.112454, 0.087483, -0.103343, 0.067527, -0.096229, 0.067417, 0.159959, -0.166205, 0.073039, -0.102633, -0.004455, -0.082806, 0.133952, -0.027959, -0.073444, -0.152299, -0.163874, 0.159103, 0.178631, -0.169675, -0.037030, -0.069158, 0.009834, -0.152198, 0.107108, -0.050876, 0.000852, -0.092956, -0.137422, 0.113252, 0.146127, 0.145407, -0.145361, -0.079108, -0.049229, 0.142741, 0.169169, 0.163556, -0.125210, -0.013902, 0.005562, 0.145036, 0.162422, 0.104321, -0.072347, -0.031384, -0.154511, 0.050048, -0.148167, 0.099824, 0.003976, 0.094484, 0.001932, 0.179971, -0.140145, -0.126694, -0.184177, 0.173602, -0.067102, -0.151791, -0.005771, 0.006369, -0.133465, 0.145292, -0.036446, 0.080924]
Neuronio 48: bias=0.000000 | pesos=[0.129710, 0.125002, -0.076446, 0.132849, -0.086274, 0.047864, -0.037306, -0.159675, -0.141656, 0.089403, -0.033790, -0.022881, -0.139523, -0.038199, -0.057190, 0.166984, -0.163956, 0.166481, -0.048178, 0.032307, 0.044967, -0.026926, -0.165705, -0.139549, -0.011373, 0.144945, -0.177733, -0.084751, 0.030018, -0.099993, 0.114380, 0.173206, -0.142984, 0.015356, -0.046773, -0.114151, -0.146495, 0.051575, -0.066457, 0.103311, 0.011349, 0.034660, -0.176572, 0.034296, -0.092511, 0.103655, -0.145107, -0.019093, 0.175382, 0.091269, -0.155579, -0.084787, 0.059599, 0.096692, 0.068617, -0.001595, -0.129701, 0.162869, 0.119517, 0.120425, -0.103853, 0.172462, 0.101815, 0.035648, -0.180047, 0.102395, -0.145723, -0.170565, -0.149764, -0.002022, 0.081273, -0.083138, -0.181390, -0.180410, -0.183897, 0.141801, -0.145740, 0.171170, -0.155372, -0.036780, -0.135400, 0.158704, 0.031119, 0.156428, -0.039883, -0.032981, -0.053979, 0.112865, -0.108426, 0.179421, -0.039844, 0.165685, 0.076086, -0.052213, 0.149387, 0.004587, -0.124325, -0.117975, -0.114427, 0.120488, -0.136334, 0.084379, 0.093508, -0.042847, -0.013230, -0.120797, 0.015197, -0.151811, 0.142905, -0.118021, -0.064856, 0.158782, -0.183394, 0.007487, -0.068984, -0.019655, 0.108214, 0.010994, 0.084151, -0.044843]
Neuronio 49: bias=0.000000 | pesos=[0.051415, -0.158011, 0.156177, -0.178114, -0.126748, -0.058340, 0.115299, -0.064132, -0.119375, -0.010301, 0.078920, 0.098472, -0.079749, 0.092842, -0.131532, -0.100045, -0.096665, -0.062638, 0.033008, -0.047636, 0.088404, 0.003912, 0.155690, -0.147764, 0.157204, 0.003486, 0.048266, -0.144608, -0.043600, 0.089978, 0.054812, -0.021723, -0.072775, 0.124300, 0.083093, -0.118487, -0.109691, -0.049783, 0.046262, 0.029758, -0.067496, -0.169983, 0.176388, 0.149828, -0.072131, 0.169135, -0.165291, 0.035938, 0.143074, 0.122165, -0.138649, 0.147443, 0.142912, -0.170450, -0.039342, 0.022778, 0.123893, -0.081352, 0.101265, -0.160719, 0.047986, 0.185027, -0.159562, 0.154610, 0.022487, 0.104292, 0.184931, -0.062043, 0.084041, 0.082421, -0.168978, -0.088333, 0.164685, 0.024654, 0.070786, -0.024194, 0.058774, 0.052237, -0.178112, 0.113504, -0.008185, 0.079601, -0.117772, 0.166399, -0.143393, 0.155056, -0.092623, -0.074317, 0.047989, -0.138571, 0.046172, 0.117697, -0.073040, -0.026145, 0.057890, -0.127713, -0.085155, 0.135335, -0.095309, 0.128708, -0.136726, 0.022095, 0.012196, 0.151216, -0.074387, -0.081488, -0.175214, 0.009180, 0.042033, 0.181061, -0.135162, 0.018423, 0.059125, 0.090350, -0.109642, -0.041857, 0.167630, 0.007324, -0.075313, -0.000285]
Neuronio 50: bias=0.000000 | pesos=[0.128479, -0.104361, 0.061753, 0.123683, -0.139072, -0.028072, -0.112077, 0.147636, -0.030719, 0.030213, 0.042124, 0.091645, -0.156666, -0.084838, 0.132616, 0.105740, 0.105531, -0.143604, -0.164425, -0.065219, 0.153037, 0.128058, -0.182941, -0.176790, -0.142236, -0.026624, 0.054968, 0.008998, -0.072788, 0.099845, -0.066949, 0.096890, -0.001650, -0.182684, 0.099715, -0.048631, -0.102906, 0.047771, -0.052422, -0.075434, -0.133199, 0.138338, 0.017416, -0.153109, -0.043467, -0.004165, 0.174648, -0.086842, 0.089749, -0.085062, -0.150095, -0.179409, 0.053549, 0.128008, 0.181211, 0.083254, -0.136028, -0.176497, 0.018297, 0.155593, 0.007865, 0.053783, 0.112716, -0.169815, -0.164135, -0.150023, 0.154527, -0.173846, 0.142907, -0.184276, -0.118479, 0.005237, -0.127294, 0.005002, 0.031771, -0.176190, 0.094172, -0.018835, -0.011452, -0.075857, 0.130648, -0.137063, -0.124154, 0.046301, 0.153393, -0.147222, 0.175257, 0.123330, -0.094692, -0.041847, -0.137043, 0.034541, -0.135124, 0.002969, -0.083018, 0.138943, -0.083308, -0.076502, -0.108564, 0.013032, 0.072624, 0.175568, 0.002650, -0.086715, 0.119470, 0.119332, 0.020501, -0.104459, 0.136915, 0.180006, 0.001045, -0.015992, -0.033244, 0.036079, 0.024663, 0.116097, 0.129770, 0.175746, -0.101631, -0.138653]
Neuronio 51: bias=0.000000 | pesos=[0.148736, -0.039418, -0.087479, 0.177615, -0.041722, -0.180394, 0.045294, -0.177732, 0.162992, 0.157376, 0.089205, 0.112858, 0.166776, 0.157371, 0.173958, -0.119669, -0.049825, 0.036394, 0.005610, -0.145674, -0.129098, 0.090989, -0.041625, -0.116972, -0.159276, -0.101818, 0.024066, -0.099003, -0.056694, -0.031005, 0.053890, -0.063124, -0.001281, 0.091805, 0.035519, 0.004776, -0.152028, 0.119657, 0.082420, -0.019484, 0.012089, -0.032547, -0.122865, 0.140548, 0.057925, -0.147042, -0.164457, 0.059027, -0.069463, -0.015592, 0.026492, -0.184426, 0.043201, -0.086525, -0.137215, 0.157018, -0.027967, -0.016689, 0.158603, -0.159101, -0.056145, 0.106646, -0.019408, 0.036410, 0.123043, 0.143533, -0.152373, -0.098267, -0.050065, 0.103339, 0.043258, 0.097114, -0.150759, 0.002021, -0.113926, 0.009108, 0.109277, 0.099191, -0.122136, -0.157396, -0.077420, -0.074673, -0.165172, -0.119880, -0.032414, 0.035258, 0.138021, -0.046406, -0.112170, 0.071078, 0.130911, -0.100120, -0.176170, -0.010307, 0.047113, 0.109497, -0.056573, 0.138618, -0.016765, 0.107674, -0.145649, 0.160889, 0.090984, -0.122886, -0.086691, 0.121899, 0.120312, 0.053208, -0.107449, -0.141812, -0.039351, 0.114785, -0.181379, -0.124600, 0.147192, -0.095640, -0.068280, 0.006132, 0.170762, -0.066046]
Neuronio 52: bias=0.000000 | pesos=[0.092471, 0.069870, -0.165930, -0.123035, 0.046206, -0.011757, -0.067146, -0.114564, -0.004590, -0.077077, 0.046401, 0.114113, 0.139752, -0.105000, 0.074558, -0.045979, 0.012751, -0.123425, -0.175761, -0.017556, -0.086985, 0.162206, 0.134230, -0.119912, 0.146017, -0.026473, -0.049975, 0.003604, -0.088921, -0.041380, 0.124176, -0.137169, 0.063897, -0.075788, -0.034448, -0.105946, -0.106532, -0.074105, -0.120943, 0.145062, 0.099121, 0.025223, -0.055481, -0.167721, -0.017295, 0.001576, 0.070589, 0.067673, -0.012495, -0.061794, -0.011070, -0.050675, -0.172740, 0.166491, 0.161718, 0.159113, 0.177760, 0.138368, 0.039855, 0.076365, -0.089757, 0.083746, 0.163703, -0.016275, 0.010643, 0.117267, 0.045388, -0.176766, 0.163647, -0.101609, -0.059907, -0.092965, 0.158064, 0.012563, 0.025980, -0.068720, 0.121649, 0.145917, -0.108887, 0.113652, 0.175299, -0.057364, 0.062291, 0.154079, -0.126593, -0.133781, 0.174486, 0.170945, -0.084613, 0.123269, 0.045072, 0.147653, 0.182106, 0.127039, 0.052416, -0.084765, 0.070976, 0.039415, -0.071720, -0.138982, -0.173884, -0.163546, 0.030995, -0.050492, 0.107416, 0.101974, -0.135384, -0.046508, 0.011313, -0.102734, 0.030559, -0.036313, -0.177231, 0.077461, 0.125628, 0.024572, -0.047031, 0.076829, 0.052274, -0.026002]
Neuronio 53: bias=0.000000 | pesos=[0.012360, -0.157361, 0.177512, 0.132416, 0.168603, -0.118513, -0.172267, 0.170368, -0.051280, -0.062636, 0.179893, 0.175516, -0.177769, -0.123684, -0.146311, 0.029288, -0.137411, 0.065141, 0.128807, 0.184152, 0.164159, 0.079038, -0.174147, -0.049259, 0.005932, 0.066835, -0.016917, -0.095368, 0.007483, -0.093813, 0.058586, -0.079674, 0.128206, -0.134605, -0.046672, -0.026821, 0.140396, 0.120525, 0.104947, 0.037417, -0.065108, 0.045867, 0.002658, -0.081822, -0.047283, 0.138386, -0.067804, -0.110886, -0.031605, 0.181212, -0.071761, -0.147760, 0.104250, -0.132517, 0.175446, -0.076819, 0.135430, 0.139742, -0.144437, 0.034568, 0.148039, -0.071213, 0.159272, 0.087925, 0.126127, -0.084574, 0.058604, 0.015330, -0.122410, -0.001298, 0.133565, 0.167407, -0.168109, -0.024388, -0.036590, 0.134998, 0.088586, -0.001371, 0.049600, -0.093539, 0.054502, 0.089356, -0.088584, 0.030609, -0.004806, 0.146884, 0.047141, -0.150118, -0.095848, 0.133337, 0.062582, 0.043646, 0.040543, 0.091555, -0.050680, -0.183402, -0.071329, 0.084253, 0.061006, 0.125418, -0.146105, -0.166911, 0.013330, -0.046114, 0.094236, -0.014281, -0.166948, 0.052494, -0.090255, 0.157927, -0.153509, 0.171743, -0.009436, -0.065772, -0.133872, 0.137661, 0.039905, -0.015868, 0.104766, 0.113911]
Neuronio 54: bias=0.000000 | pesos=[-0.162368, -0.167569, 0.073729, 0.016873, 0.086212, -0.013061, -0.184770, -0.009616, 0.007757, 0.153938, 0.071802, -0.007997, -0.142662, -0.164588, 0.069987, -0.102942, 0.002719, -0.050623, 0.129133, -0.105854, 0.050676, 0.002620, -0.169345, -0.101669, -0.145864, 0.096581, -0.006154, 0.023284, 0.013113, -0.142117, 0.068591, 0.027826, 0.059275, 0.058457, -0.159381, -0.118074, -0.097354, -0.012345, 0.018462, 0.111802, -0.101187, -0.184691, 0.116838, 0.136080, -0.161744, -0.021482, -0.107390, 0.160705, -0.093955, 0.135652, 0.038924, -0.112078, -0.045733, 0.153471, 0.009867, 0.079604, -0.038954, -0.031298, 0.014361, 0.003519, 0.029930, 0.132220, 0.042165, 0.006859, 0.153167, -0.124235, -0.070253, 0.068981, 0.124703, 0.040042, 0.176126, -0.118013, 0.054982, -0.174330, -0.113809, -0.174202, 0.028193, -0.000001, 0.167202, 0.141370, -0.128072, 0.111266, -0.131097, -0.122321, -0.011973, 0.170251, 0.108407, 0.113322, 0.000424, 0.128644, -0.027347, 0.102961, -0.125940, -0.024835, 0.015165, 0.106259, 0.054487, -0.156221, -0.160975, 0.098736, 0.120773, -0.114858, 0.051861, -0.103229, 0.056662, -0.152132, 0.041569, -0.075361, 0.129768, 0.157734, 0.157586, 0.168866, 0.076091, -0.152827, 0.116835, 0.081455, -0.008940, -0.135624, 0.109060, -0.083904]
Neuronio 55: bias=0.000000 | pesos=[-0.093203, -0.067155, -0.004802, 0.021190, -0.070672, -0.049844, -0.035352, -0.173027, 0.102757, 0.100111, 0.142171, -0.029791, 0.017181, 0.175623, -0.082411, -0.174523, 0.119937, 0.111027, 0.174823, 0.044214, 0.015768, -0.019301, 0.058080, 0.092523, 0.129469, 0.167147, 0.164092, -0.162323, 0.118181, -0.115178, -0.090504, -0.009331, 0.100161, -0.009080, 0.162010, -0.027993, -0.107668, -0.029945, 0.018003, -0.183847, -0.009448, -0.155154, 0.081201, 0.019225, -0.175660, 0.107135, -0.170961, 0.060076, -0.121900, -0.067656, 0.105645, 0.016122, -0.131255, 0.063522, 0.184567, -0.073423, 0.067198, -0.103831, -0.120725, -0.062330, 0.003521, -0.021365, 0.005495, 0.142851, 0.012196, 0.161402, -0.174857, -0.160052, -0.059438, 0.104967, 0.080554, 0.129764, 0.080469, 0.047904, 0.096405, -0.158782, 0.019055, 0.055956, 0.067929, -0.115752, -0.143741, -0.035017, 0.078174, -0.182012, -0.035155, -0.104160, -0.034325, -0.014525, 0.039521, -0.102290, -0.115191, 0.027599, 0.171284, -0.168694, -0.130326, -0.038635, -0.023631, -0.038999, 0.119499, 0.132298, -0.087048, -0.125739, 0.028025, -0.152599, -0.168285, -0.047418, 0.177479, -0.177153, 0.134189, -0.075594, 0.081098, 0.130974, -0.018777, -0.140967, -0.073275, -0.092562, -0.141863, -0.031343, 0.045228, 0.118368]

--- Camada 2 (saida, 26 neuronios) ---
Neuronio 1: bias=0.000000 | pesos=[-0.266521, -0.208054, -0.005599, 0.029807, 0.177412, -0.176630, 0.067351, -0.025428, 0.107169, -0.111888, -0.070054, -0.164586, -0.180092, 0.169269, 0.033999, -0.097055, -0.083897, 0.122544, 0.042708, -0.016326, 0.120582, 0.035454, 0.180573, -0.263927, 0.257707, -0.243175, -0.193433, 0.170080, 0.021621, 0.194750, -0.098307, 0.094529, -0.148039, -0.223625, 0.149239, -0.267608, -0.031235, -0.058344, 0.085435, -0.073920, -0.133040, -0.087783, 0.106343, 0.229294, -0.260066, 0.204734, -0.135392, 0.052154, 0.127240, -0.077869, -0.208918, 0.033877, 0.098636, 0.263292, 0.051602]
Neuronio 2: bias=0.000000 | pesos=[0.237560, -0.252595, 0.238283, 0.189584, -0.260624, -0.226197, -0.062458, 0.048960, 0.196974, 0.151367, 0.128521, 0.077449, -0.179219, -0.141639, -0.032065, 0.263692, 0.126100, -0.144438, -0.148606, 0.081911, 0.247996, -0.015108, -0.214977, -0.083634, 0.230264, 0.075930, 0.225429, 0.182906, -0.050617, 0.050073, 0.225020, -0.236725, -0.198627, -0.116006, 0.196806, 0.178148, -0.022773, -0.179113, -0.095040, 0.225509, 0.027351, -0.029363, 0.063137, 0.215731, -0.104671, 0.242851, 0.134850, 0.014846, 0.233270, 0.169357, -0.022417, 0.265198, -0.134348, -0.198367, -0.050731]
Neuronio 3: bias=0.000000 | pesos=[-0.094171, -0.152633, -0.023308, 0.086858, 0.026522, 0.083249, -0.203565, -0.222594, -0.242367, -0.254247, -0.072177, -0.259477, -0.165056, 0.090071, -0.090249, -0.209339, 0.188810, -0.120681, -0.010966, -0.130575, -0.016470, 0.038780, 0.143057, 0.082325, -0.208036, 0.152010, -0.045877, -0.197510, -0.023812, -0.252719, 0.115976, 0.272012, -0.071364, 0.204002, -0.202782, -0.045478, 0.114713, -0.100434, -0.101740, 0.108908, -0.208666, 0.034847, 0.104345, -0.176174, 0.203703, -0.096222, -0.218871, -0.093696, -0.231906, 0.112212, -0.075037, -0.119219, 0.197235, 0.052542, 0.248190]
Neuronio 4: bias=0.000000 | pesos=[-0.139957, -0.126888, -0.260264, 0.226612, 0.234094, 0.074597, -0.234993, -0.052708, 0.024629, 0.230154, -0.047250, 0.171312, 0.031974, -0.053545, 0.247924, 0.252426, 0.270348, 0.172776, -0.024763, 0.216396, 0.102609, -0.180832, -0.169828, -0.146200, 0.035271, -0.209688, -0.238498, 0.024827, -0.112981, 0.045152, -0.231391, -0.001709, 0.000877, -0.166549, 0.066196, 0.015905, -0.228573, -0.203189, -0.114183, -0.261017, 0.125609, 0.035603, -0.259995, -0.099115, -0.120153, -0.147856, -0.229873, -0.009230, 0.010025, 0.219990, 0.159177, 0.162831, -0.160600, -0.086202, -0.143882]
Neuronio 5: bias=0.000000 | pesos=[0.268150, -0.187148, -0.089768, -0.159957, -0.026003, -0.135266, 0.211055, -0.152003, -0.100442, -0.168311, -0.067219, 0.122137, 0.093407, 0.256043, 0.141291, 0.245479, 0.089348, -0.117837, -0.270065, -0.219562, 0.065852, 0.104730, -0.079652, -0.065719, -0.181940, -0.238359, 0.264101, 0.004534, -0.166794, -0.095951, 0.161940, -0.076910, 0.261771, -0.062710, 0.181479, 0.265828, -0.096039, 0.213730, 0.201898, 0.197031, -0.005075, 0.117150, -0.225169, 0.259838, -0.145937, 0.211606, 0.024087, -0.175064, 0.059733, 0.200076, 0.107017, 0.259748, -0.009701, 0.239304, -0.238413]
Neuronio 6: bias=0.000000 | pesos=[-0.032847, -0.009152, -0.185070, 0.083967, -0.200843, -0.134286, 0.147972, 0.151437, -0.010252, -0.219616, -0.199195, 0.174417, 0.043755, 0.156923, 0.202344, -0.137475, 0.002109, 0.040326, 0.210734, -0.103973, 0.050134, 0.269072, -0.189572, 0.041517, -0.039764, -0.218000, -0.127997, 0.133385, -0.247595, 0.168864, -0.211511, 0.169919, -0.164875, 0.266663, -0.016811, 0.048035, 0.232911, 0.186817, -0.182422, 0.105708, -0.211161, 0.090791, 0.060444, 0.097998, -0.205321, -0.260603, -0.134244, -0.259316, 0.202985, 0.269670, -0.084822, 0.251776, 0.114222, -0.162133, 0.267790]
Neuronio 7: bias=0.000000 | pesos=[-0.228192, 0.205022, -0.179476, -0.176314, 0.161064, -0.079977, -0.182355, 0.169236, -0.250124, 0.174278, 0.253004, 0.234802, 0.237355, 0.177464, 0.031352, 0.256278, -0.193501, 0.258536, -0.089028, -0.147851, -0.143816, -0.060404, -0.045338, -0.087660, 0.151634, -0.028680, 0.114030, -0.228096, -0.111851, -0.120278, -0.143374, 0.091043, -0.022419, -0.255276, -0.178320, 0.174188, 0.247746, 0.033941, -0.029912, 0.122301, 0.010037, 0.104503, 0.006618, -0.148181, -0.200952, 0.171148, 0.065440, -0.181983, 0.043589, 0.080448, -0.208476, -0.179889, -0.242571, 0.021788, -0.204985]
Neuronio 8: bias=0.000000 | pesos=[0.054806, -0.102381, -0.105432, -0.235853, 0.151390, 0.143452, 0.201592, -0.110860, 0.041550, -0.180803, 0.186135, 0.242143, 0.263391, -0.117037, -0.220207, -0.152138, -0.234305, 0.173125, 0.220379, -0.178068, 0.216258, 0.129868, -0.137595, -0.161676, 0.159798, 0.000758, -0.268384, 0.092666, -0.159850, -0.006211, -0.225512, -0.143809, -0.073028, 0.143676, 0.171809, -0.143189, 0.189028, -0.129847, 0.002368, 0.028351, -0.125903, 0.005738, -0.248719, 0.094658, -0.216188, 0.091398, 0.113834, -0.014096, 0.033877, 0.251248, 0.264992, -0.040178, 0.228782, -0.042491, -0.226371]
Neuronio 9: bias=0.000000 | pesos=[0.221340, -0.185398, -0.168961, -0.072606, -0.271442, 0.198114, 0.187874, 0.018092, -0.251298, 0.156763, -0.098404, 0.262520, -0.135211, -0.168104, -0.062869, -0.228589, -0.225657, 0.147427, -0.101795, 0.185998, 0.108733, 0.175773, -0.011278, 0.073124, -0.222177, -0.181570, -0.072457, -0.178872, -0.016887, -0.172923, 0.103637, -0.056208, 0.055136, 0.194842, 0.015771, 0.268838, -0.176342, -0.084405, 0.154116, 0.131302, 0.158873, -0.256049, 0.132946, -0.188712, -0.009534, 0.026094, 0.175445, 0.002589, 0.036821, 0.052944, 0.122145, -0.147027, -0.113736, -0.073236, -0.131708]
Neuronio 10: bias=0.000000 | pesos=[-0.225722, 0.142781, 0.071662, -0.063461, 0.221491, -0.169928, 0.253037, 0.234848, -0.201319, 0.268438, 0.000347, -0.018565, -0.210674, 0.117119, 0.070784, 0.179352, -0.058617, 0.245488, -0.162763, -0.250138, -0.254497, 0.132350, -0.200629, 0.119126, 0.206206, -0.022679, -0.049073, -0.099973, -0.080979, -0.182185, -0.253522, 0.166580, 0.023010, -0.057678, -0.021606, -0.177489, 0.155508, 0.160467, -0.117171, 0.242425, -0.088542, -0.053013, 0.249076, 0.264597, -0.193911, -0.049038, -0.113992, 0.133327, 0.216599, -0.171052, 0.035330, -0.188015, -0.136339, -0.122872, -0.159087]
Neuronio 11: bias=0.000000 | pesos=[-0.164823, -0.114244, -0.202243, 0.207431, -0.161669, 0.013651, 0.197306, 0.010577, -0.082936, 0.247117, 0.236356, 0.039243, 0.177954, 0.230409, 0.019214, 0.235401, -0.039887, -0.230024, 0.261747, -0.201225, -0.255781, 0.073664, 0.058567, -0.007188, -0.008624, -0.124155, -0.194095, 0.240273, -0.224068, -0.129303, -0.268209, 0.266748, 0.163204, 0.028898, 0.042587, -0.057560, 0.233596, 0.263952, 0.109200, -0.002663, -0.010978, 0.177782, -0.168542, -0.207800, -0.226409, -0.212345, -0.108167, -0.141183, -0.242916, 0.230410, -0.065785, -0.025094, 0.197332, 0.240777, 0.186091]
Neuronio 12: bias=0.000000 | pesos=[0.097749, 0.148537, -0.062120, -0.076427, -0.108809, 0.179486, -0.260103, 0.060093, -0.083375, -0.044871, -0.156431, 0.075168, -0.166776, 0.031196, 0.112781, -0.258700, -0.021220, -0.122729, 0.218756, 0.087127, 0.236416, 0.241499, 0.022019, 0.091536, 0.206620, -0.010356, 0.061372, -0.024246, 0.204716, -0.117013, -0.080655, 0.182234, 0.197024, 0.222078, 0.118368, 0.066847, 0.174377, 0.015996, -0.137888, 0.115524, -0.244995, 0.188114, 0.066950, -0.066197, 0.017137, 0.039044, 0.138508, 0.061615, 0.068182, 0.152672, 0.254109, -0.205469, -0.113304, -0.126439, -0.227100]
Neuronio 13: bias=0.000000 | pesos=[0.016818, -0.025078, -0.006842, -0.017173, -0.162829, -0.149387, 0.178291, -0.042385, -0.011247, -0.144928, 0.244095, 0.184229, -0.018888, -0.236237, -0.032807, 0.249175, -0.125729, -0.096856, 0.057716, -0.178116, -0.015232, -0.105813, -0.047465, 0.155814, 0.089211, 0.117330, -0.050484, -0.112527, 0.177499, 0.236840, 0.108044, 0.035881, -0.254018, -0.037507, 0.176336, -0.183954, -0.037035, 0.023838, -0.083297, -0.227461, 0.129246, -0.013841, 0.127842, -0.074365, 0.109243, -0.224500, 0.095668, -0.132878, 0.256736, -0.023471, 0.124327, -0.148984, 0.095737, -0.058204, -0.086364]
Neuronio 14: bias=0.000000 | pesos=[0.237316, 0.270310, 0.050219, 0.179528, -0.046033, 0.215008, -0.048083, 0.110440, 0.243631, 0.095132, -0.189124, -0.061597, 0.132754, -0.111093, 0.209588, -0.122095, 0.151922, -0.181962, -0.012616, 0.231962, -0.192892, -0.171636, -0.044369, -0.211492, 0.101747, -0.233939, -0.134185, -0.015606, 0.236536, -0.148654, 0.195759, 0.211953, 0.160916, 0.133189, -0.185167, -0.000175, -0.163468, -0.084511, -0.233369, -0.041258, -0.256305, 0.208389, 0.023787, -0.189805, 0.196263, 0.038095, -0.228155, 0.195907, -0.219666, -0.235585, -0.144174, -0.106414, -0.148321, -0.049540, -0.037990]
Neuronio 15: bias=0.000000 | pesos=[-0.015318, -0.262722, 0.007511, -0.000783, -0.223566, 0.269981, 0.233684, 0.006779, -0.095776, -0.148116, -0.182342, -0.080710, -0.025624, 0.055384, 0.171403, 0.255830, 0.039315, -0.027533, -0.143802, -0.090662, 0.067426, 0.036241, 0.167539, 0.091813, 0.011340, 0.011067, 0.192225, 0.062878, -0.143736, 0.056970, 0.127024, -0.146582, -0.193156, -0.265694, 0.182477, 0.181944, 0.193740, -0.144920, 0.170304, 0.133078, -0.212285, 0.055862, -0.245142, -0.267554, 0.016923, 0.159753, 0.077122, 0.148121, -0.015323, 0.227764, 0.091478, 0.048350, -0.052659, 0.006021, 0.084263]
Neuronio 16: bias=0.000000 | pesos=[0.062157, 0.001334, 0.052021, 0.069108, 0.132745, 0.097586, 0.026566, 0.015500, 0.171704, 0.053123, -0.144096, 0.123319, 0.107631, -0.069653, 0.106746, -0.253571, 0.233371, 0.120220, 0.034854, -0.157328, 0.003712, -0.148219, -0.174430, 0.099916, -0.004237, -0.079424, -0.266778, 0.007232, -0.008300, -0.039759, 0.217424, -0.212881, 0.138125, 0.154010, -0.008329, 0.233077, -0.246720, 0.172042, 0.107013, -0.129327, 0.097411, -0.126036, 0.159526, 0.102045, 0.145533, 0.024994, 0.267851, 0.093350, -0.114105, -0.055954, -0.039678, 0.153841, 0.183355, 0.031128, 0.075790]
Neuronio 17: bias=0.000000 | pesos=[-0.249640, -0.141189, -0.146498, -0.014068, 0.065694, 0.047434, 0.141516, -0.230208, -0.093972, 0.230184, 0.263396, -0.267860, -0.119780, -0.192650, 0.217591, 0.247623, 0.102822, 0.249099, -0.039579, -0.145920, 0.184675, 0.101690, -0.004340, 0.129292, -0.089956, -0.079449, -0.014295, -0.186429, 0.182742, 0.111801, -0.146420, -0.032647, -0.242236, 0.066317, -0.022567, -0.039832, -0.121450, -0.256065, -0.175127, -0.043594, 0.180461, -0.222625, -0.267414, -0.028072, 0.220937, -0.259007, -0.025706, -0.110564, -0.216681, 0.091657, 0.069693, 0.214465, -0.195628, -0.216692, -0.171157]
Neuronio 18: bias=0.000000 | pesos=[0.210833, -0.225337, 0.013258, -0.243979, -0.209813, -0.065015, -0.188003, 0.051804, 0.271944, 0.025892, -0.058915, 0.260620, 0.138779, -0.154522, -0.132276, -0.145494, 0.055370, 0.226500, 0.062340, 0.226614, 0.243767, 0.175158, -0.100474, -0.187991, 0.075572, 0.186641, 0.192639, -0.229047, 0.049490, -0.132354, -0.076573, -0.110331, 0.004156, -0.044256, 0.006456, -0.129248, 0.130134, 0.233909, 0.126103, 0.140431, 0.148933, -0.134756, -0.035242, -0.160993, -0.100914, -0.035260, 0.144879, 0.025292, -0.006248, 0.088987, 0.070741, -0.185413, 0.255227, 0.092013, -0.102139]
Neuronio 19: bias=0.000000 | pesos=[0.042287, 0.039934, 0.167807, 0.256471, 0.111012, -0.010709, -0.065881, 0.194516, -0.139264, 0.039946, 0.217778, -0.244741, -0.127328, -0.142448, 0.050805, -0.135862, -0.064843, -0.110408, 0.131119, -0.069517, -0.161671, 0.118735, -0.215022, -0.025573, 0.015224, 0.240303, 0.148982, -0.066728, 0.215942, -0.241669, -0.103222, -0.139489, 0.194855, -0.244122, -0.247991, -0.082909, -0.210238, -0.056195, -0.010403, -0.240776, -0.178586, 0.215022, 0.045905, 0.018849, 0.019286, 0.167149, 0.005562, -0.220704, -0.003920, 0.035232, 0.215882, 0.055864, -0.080769, 0.117375, 0.057324]
Neuronio 20: bias=0.000000 | pesos=[-0.165875, -0.266214, -0.200797, -0.122555, 0.242343, 0.138722, 0.114777, 0.039629, -0.214108, -0.180396, 0.104880, -0.205879, 0.197993, 0.124728, 0.265861, -0.157880, -0.207473, 0.112287, 0.028768, -0.065258, 0.053962, 0.159739, 0.256923, 0.001787, 0.043848, 0.059952, 0.168174, -0.082040, -0.076191, -0.242642, -0.042268, -0.071094, -0.151301, 0.201096, 0.197613, -0.259573, -0.098619, -0.013346, 0.066146, 0.139229, -0.200905, -0.067347, -0.037744, 0.007670, -0.052065, -0.028953, 0.159066, -0.106506, -0.268082, 0.259558, 0.235742, 0.145365, 0.141797, 0.144196, -0.235442]
Neuronio 21: bias=0.000000 | pesos=[0.021738, 0.254214, 0.119106, 0.188703, 0.067013, 0.269376, 0.098171, 0.244959, -0.207080, -0.124602, 0.163568, -0.001813, -0.002668, -0.015622, -0.190799, -0.008840, -0.066477, -0.247876, -0.160174, -0.034091, 0.264515, -0.037845, -0.255669, 0.029430, 0.192493, 0.254480, -0.152518, -0.169299, -0.203999, 0.169848, 0.082846, 0.220890, -0.186131, -0.196958, 0.167208, 0.106594, -0.130394, -0.196280, -0.007982, 0.265533, -0.245025, 0.252456, -0.061819, 0.103636, 0.172063, -0.146603, -0.030530, 0.063966, 0.263339, 0.197273, -0.171967, -0.131885, -0.039141, 0.258204, 0.086135]
Neuronio 22: bias=0.000000 | pesos=[0.163942, 0.043856, 0.040087, -0.064150, -0.002948, 0.093936, -0.054404, 0.176889, -0.146399, 0.159300, 0.251828, -0.220570, 0.160603, -0.034174, -0.078345, -0.200624, -0.171117, -0.224189, -0.225425, 0.195252, -0.130693, -0.137402, 0.248401, -0.201272, 0.010288, -0.215402, -0.222940, 0.054845, -0.095508, -0.070346, 0.095987, 0.247378, -0.219382, -0.223596, -0.230548, -0.107488, 0.176397, -0.055663, -0.010970, -0.075590, -0.249815, 0.246881, -0.192610, 0.212977, -0.084569, -0.104516, -0.100176, -0.078982, -0.077316, 0.023611, -0.081929, -0.011467, 0.039853, -0.233214, -0.249898]
Neuronio 23: bias=0.000000 | pesos=[-0.084056, 0.129535, -0.212324, -0.123996, -0.254884, 0.007510, -0.248093, -0.117853, -0.252862, -0.099787, 0.161088, 0.087485, 0.072696, -0.184924, 0.063625, 0.136566, -0.263235, 0.179955, -0.205042, -0.100038, -0.208708, -0.080268, 0.006578, -0.108785, 0.249682, -0.268548, 0.164364, -0.209463, 0.067994, 0.113376, 0.269724, 0.025171, 0.151149, 0.205379, -0.211374, -0.231390, -0.236870, 0.090110, 0.055719, 0.008272, -0.218592, -0.208599, 0.113504, -0.010364, -0.208862, -0.181252, 0.193445, -0.110528, -0.166829, -0.081558, 0.056861, 0.071101, 0.017127, 0.199659, 0.064000]
Neuronio 24: bias=0.000000 | pesos=[0.265879, 0.190741, -0.250830, 0.177793, -0.200466, 0.087755, -0.218470, 0.185516, -0.100630, -0.104123, 0.078293, -0.173397, 0.081211, -0.257450, 0.114643, -0.062582, -0.223383, 0.046508, -0.203373, 0.094476, 0.094248, 0.082225, 0.004044, 0.046108, -0.087613, 0.046340, -0.117920, -0.172028, -0.206033, -0.159114, 0.014750, -0.204797, -0.240212, 0.197577, -0.232621, 0.201577, -0.234211, 0.108842, 0.203988, -0.002457, 0.206691, -0.192124, -0.053758, 0.074997, 0.222526, -0.223419, 0.129569, -0.094143, 0.183417, -0.030759, -0.188020, -0.007663, 0.034641, -0.242668, 0.041509]
Neuronio 25: bias=0.000000 | pesos=[-0.089786, 0.095881, -0.166359, 0.271511, 0.080872, 0.157605, 0.079807, -0.043541, 0.211580, 0.103234, -0.142584, -0.051492, -0.222538, -0.215046, 0.087442, 0.059275, 0.066844, 0.244729, 0.266786, -0.134776, -0.270593, 0.241653, 0.004163, -0.120131, 0.121987, 0.096801, -0.035255, -0.034869, 0.271211, -0.069011, -0.105771, -0.149292, -0.214958, 0.088064, -0.058731, 0.229961, 0.224024, -0.207605, -0.235849, 0.170860, 0.005382, -0.245015, 0.049876, 0.200886, 0.244942, 0.187677, 0.211848, 0.085268, 0.038717, -0.222291, 0.016900, 0.012370, -0.171540, -0.150907, -0.039280]
Neuronio 26: bias=0.000000 | pesos=[0.057392, 0.241585, 0.050223, 0.003922, 0.014873, 0.107292, -0.223478, -0.194762, -0.058340, 0.151647, 0.153175, 0.137219, -0.253820, 0.087276, -0.008684, -0.199048, 0.202493, -0.178859, 0.196909, -0.184618, 0.103837, 0.090768, 0.202719, 0.250682, -0.191789, 0.083368, 0.054095, 0.222054, -0.175220, 0.030833, -0.229006, 0.090451, 0.266780, -0.128720, -0.167841, 0.268880, 0.144943, 0.266354, -0.065693, -0.030030, 0.089054, -0.052079, 0.255681, 0.208804, -0.150684, 0.198268, -0.255137, -0.174527, -0.065062, -0.195979, 0.244662, -0.039607, 0.013923, -0.082453, -0.036946]
