=== Pesos Finais ===

--- Camada 1 (oculta, 55 neuronios) ---
Neuronio 1: bias=-0.008029 | pesos=[0.267304, 0.309193, 0.521427, 0.455786, 0.429403, 0.436515, 0.430650, 0.449119, -0.266865, -0.483242, -0.040498, -0.241328, -0.133184, -0.143600, 0.322898, 0.369178, 0.568276, 0.629306, 0.233547, -0.091647, -0.307958, -0.542285, -0.330262, -0.067971, 0.005187, -0.075010, -0.003948, 0.147164, 0.113968, 0.328085, 0.189332, -0.028313, -0.264998, -0.115543, -0.346387, -0.060780, 0.074448, 0.014245, 0.070195, -0.270241, -0.280719, -0.001309, -0.179791, 0.074836, -0.411071, -0.071278, -0.048979, 0.080014, -0.151971, -0.191191, -0.364285, 0.140675, 0.050336, -0.028527, -0.016139, -0.098843, -0.545734, -0.416379, -0.004594, 0.012136, -0.089661, -0.141580, -0.286719, 0.283561, 0.440915, -0.051410, 0.064229, -0.275899, -0.068666, -0.454422, 0.046906, 0.050719, 0.013837, -0.418600, -0.298805, 0.043874, 0.202848, -0.261150, -0.339523, -0.070371, 0.041573, -0.197002, -0.119684, -0.026056, -0.023894, 0.108328, -0.370976, -0.247153, -0.279228, -0.268134, 0.060259, 0.072645, 0.059408, 0.258207, -0.149532, -0.117494, 0.269037, 0.427663, 0.737742, 0.408091, 0.298831, -0.027972, 0.427624, 0.177714, -0.149065, -0.266938, -0.082788, -0.092709, -0.232059, 0.047495, 0.576020, 0.490337, 0.088343, 0.145589, 0.021680, -0.016285, 0.142461, 0.066288, 0.171994, -0.182638]
Neuronio 2: bias=-0.036194 | pesos=[-0.053979, 0.166686, -0.018560, 0.319700, -0.106384, 0.217727, 0.144837, 0.458197, -0.006946, 0.026675, -0.176556, -0.159443, -0.236478, -0.047349, 0.262715, 0.490296, 0.135997, -0.305525, -0.157881, -0.039657, 0.009181, 0.072900, 0.087687, -0.159721, -0.296885, 0.119335, 0.030478, 0.077261, 0.218751, 0.053980, -0.064979, 0.024375, -0.195509, 0.058131, 0.008451, 0.129107, -0.137151, -0.153422, 0.137889, 0.175552, 0.044201, 0.004546, -0.010526, 0.087138, -0.129483, 0.105613, -0.124690, 0.094151, -0.175548, 0.132144, 0.323702, -0.273628, -0.101367, 0.318232, -0.040449, -0.188678, -0.015083, -0.088430, -0.127287, -0.113504, -0.194965, -0.148106, -0.045434, -0.197757, -0.186243, 0.085305, -0.008084, -0.141791, -0.047620, -0.007120, 0.146400, 0.044127, -0.150270, -0.022623, -0.081878, -0.192994, -0.180816, 0.139220, 0.420667, 0.073891, 0.196680, 0.140687, -0.104272, -0.160597, 0.077829, -0.134083, -0.148433, 0.044521, -0.040298, 0.431725, 0.591943, 0.232358, -0.039427, 0.211157, -0.141991, 0.114531, -0.011029, 0.090701, 0.073425, -0.760102, -0.345679, 0.001376, 0.478696, -0.108528, 0.060878, 0.355162, 0.057437, 0.117155, -0.055710, 0.055422, -0.008652, -0.428805, -0.476692, -0.128281, 0.237221, 0.303407, 0.139455, 0.148387, -0.011039, -0.099149]
Neuronio 3: bias=0.209595 | pesos=[0.325670, 0.050267, -0.112840, -0.357415, -0.153465, -0.241816, 0.046578, -0.039920, 0.109767, 0.515646, 0.137972, 0.078911, 0.089506, -0.112442, -0.526375, -0.272054, -0.140234, -0.343601, -0.413888, -0.169641, 0.284326, 0.263954, -0.165742, -0.125678, -0.054657, 0.227568, 0.124804, -0.263506, -0.347448, -0.095192, -0.042747, -0.764735, -0.145246, -0.258102, -0.191837, -0.004554, 0.222019, -0.043721, 0.067856, 0.127682, -0.060542, -0.193961, -0.507668, -0.697840, -1.000847, -0.693821, -0.159392, 0.038575, 0.131692, -0.218076, 0.314170, 0.822025, 0.336991, -0.565762, -0.316533, -0.224769, -0.185017, -0.388474, 0.073685, 0.099103, 0.230738, 0.036576, 0.200371, 0.338118, -0.153267, -0.544865, 0.059529, 0.228707, 0.009248, -0.087915, -0.132759, 0.350821, 0.151919, 0.088123, -0.076495, -0.272576, -0.680887, -0.315180, 0.503651, 0.555295, 0.066478, -0.252293, 0.023878, 0.115581, 0.114761, -0.009022, -0.021084, -0.092812, 0.033761, 0.240252, 0.540875, 0.334093, 0.186806, -0.310203, 0.110809, 0.351178, 0.138654, -0.300607, 0.044390, 0.311641, 0.046751, 0.126153, 0.218376, 0.032927, 0.030176, 0.020099, 0.356257, 0.066950, 0.141736, -0.314206, -0.259963, -0.289963, 0.278392, -0.085939, 0.001221, 0.228119, 0.632066, 0.393739, 0.032071, 0.017246]
Neuronio 4: bias=0.054364 | pesos=[-0.016678, -0.008693, 0.427822, 0.235315, 0.115989, 0.083517, 0.102576, 0.091993, 0.015059, -0.042622, -0.096757, 0.117546, 0.038999, 0.446776, 0.113396, 0.073322, -0.207940, -0.090468, 0.041468, 0.084129, 0.139161, 0.292572, -0.070442, -0.081745, 0.077823, -0.019235, 0.008639, -0.005685, 0.168367, 0.079545, 0.309739, 0.242337, 0.093266, 0.205204, -0.148245, -0.043209, -0.221413, -0.080580, 0.045871, 0.209975, 0.182047, 0.328181, 0.573258, 0.377962, -0.007083, -0.070494, 0.101260, 0.100956, -0.049554, 0.009119, -0.019667, 0.017697, 0.236719, -0.643586, 0.159763, 0.103933, 0.211159, -0.136045, -0.056147, 0.106651, 0.097693, 0.023018, -0.373475, 0.377676, 0.416124, 0.096876, 0.454629, -0.144288, -0.671351, -0.591435, -0.153618, -0.023872, 0.007343, 0.173307, -0.194910, 0.330958, 0.446142, 0.811787, 0.902198, -0.268709, -0.961635, -0.598427, 0.260877, 0.187934, 0.265957, 0.066709, -0.071355, 0.090003, 0.570586, 0.609215, 0.063337, -0.473896, -0.805975, -0.129992, 0.229352, 0.128283, -0.130636, 0.257742, -0.288754, -0.673632, -0.725594, -0.892494, -0.779220, -0.709425, 0.396503, 0.410607, 0.366353, -0.098702, 0.210425, 0.074535, 0.212918, -0.187332, -0.472117, -0.631794, -1.100639, -1.164351, -0.346818, 0.329029, 0.202286, -0.155886]
Neuronio 5: bias=0.061335 | pesos=[0.202680, 0.264489, 0.341626, 0.181174, 0.280072, -0.103857, 0.063860, 0.331752, 0.022153, 0.033831, 0.100573, -0.222238, -0.116316, -0.025489, -0.033806, -0.022374, 0.366955, 0.392428, -0.103071, 0.010293, -0.067256, -0.039527, -0.112566, 0.078895, 0.045316, -0.168241, 0.129169, 0.025695, 0.006964, 0.355987, -0.155496, -0.365206, -0.026151, 0.005120, -0.165371, -0.096690, 0.048002, 0.150908, 0.005110, 0.181871, 0.048629, -0.193815, -1.132450, -0.394582, -0.348223, -0.299865, -0.006401, 0.103388, 0.009838, 0.072515, -0.292092, 0.821807, 0.720861, 0.497632, -0.063733, -0.139652, -0.255255, -0.220180, -0.158362, -0.062266, 0.214534, 0.087517, -0.000938, 0.359931, 0.562921, -0.137080, 0.134797, -0.002652, -0.200565, -0.295529, 0.111712, -0.074310, 0.179951, -0.068773, -0.323640, -0.227391, -0.394733, -0.552613, -0.261921, 0.175527, -0.007815, -0.012220, 0.072439, 0.127947, -0.010877, -0.004434, -0.569809, -0.343473, -0.425328, -0.315805, 0.071718, -0.267912, 0.072310, 0.255225, -0.021299, 0.002588, 0.099104, 0.073882, -0.126713, 0.019853, 0.024969, 0.135204, 0.074530, 0.020252, -0.008708, 0.132920, 0.396278, -0.048581, 0.043829, -0.154768, 0.218150, 0.244447, 0.020606, 0.181389, -0.134111, 0.036777, 0.245863, -0.054964, 0.067570, 0.004182]
Neuronio 6: bias=-0.188778 | pesos=[-0.022348, -0.089564, -0.209184, -0.064931, -0.080971, -0.256326, 0.035939, 0.059179, -0.112460, -0.307637, -0.043091, -0.096617, -0.019212, -0.080085, -0.069362, 0.190164, 0.426360, 0.114467, 0.419950, 0.410968, 0.061260, -0.235736, -0.065671, -0.257963, -0.157896, 0.126360, 0.041169, 0.102484, 0.202286, -0.083199, 0.122120, 0.077891, 0.073726, 0.043825, 0.190428, -0.153383, -0.175773, 0.104045, -0.084242, -0.111713, -0.148389, 0.260643, 0.000009, -0.134397, 0.473171, 0.405824, -0.001500, -0.115615, -0.102879, 0.275714, 0.417744, -0.033989, -0.697850, 0.337484, -0.263386, 0.055389, 0.326579, 0.115583, 0.039583, -0.156462, -0.389213, -0.016078, 0.197786, 0.142407, -0.232850, 0.188658, -0.612699, 0.044581, 0.490127, 0.227626, 0.081599, -0.349859, 0.018469, -0.057442, 0.048989, 0.438963, 0.062084, 0.101714, -0.290092, -0.337657, 0.585086, 0.357224, -0.138002, -0.098124, -0.301441, 0.200938, -0.063692, 0.040854, -0.745075, -0.062277, -0.313276, -0.056760, 0.068608, 0.251658, -0.075854, -0.047107, -0.153967, 0.139441, -0.068728, -0.779433, -0.058848, 0.372035, 0.308505, 0.158964, -0.473342, 0.046086, -0.141552, -0.321242, -0.059548, 0.083856, 0.065059, -0.260207, -0.463193, 0.039049, 0.762292, 0.483212, 0.479884, 0.143715, -0.216843, 0.080606]
Neuronio 7: bias=0.092949 | pesos=[0.015498, 0.011258, -0.098117, 0.156906, 0.230654, 0.283479, -0.006880, -0.248760, 0.021155, 0.041663, 0.069592, -0.053702, 0.161140, -0.067898, -0.193058, -0.323757, -0.148915, 0.027273, 0.219072, -0.207191, -0.564403, -0.402674, -0.144855, -0.158938, 0.118165, 0.064322, 0.088110, -0.001943, 0.297246, 0.101420, -0.055761, -0.176615, -0.372406, 0.131536, -0.011055, -0.131059, 0.218530, 0.090362, 0.097670, -0.067499, 0.225757, -0.434829, -0.104097, 0.380682, -0.000721, -0.254870, 0.036533, -0.205305, -0.081071, 0.094777, 0.246995, -0.278820, -0.270509, -0.304173, 0.113100, -0.040034, 0.022381, -0.178265, -0.144618, 0.059744, 0.198530, 0.196591, 0.179769, 0.046046, -0.153747, -0.080464, 0.368461, -0.004103, -0.107679, -0.014006, -0.075460, 0.112119, -0.022609, 0.239171, -0.075466, -0.278212, -0.047290, -0.011700, 0.471702, -0.009453, -0.112952, 0.057288, -0.020148, 0.087997, 0.040103, -0.161349, -0.080924, 0.031720, 0.393027, 0.390157, 0.009882, -0.066454, -0.041148, 0.143108, -0.174475, 0.138676, -0.198716, -0.167652, -0.474018, -0.131588, 0.225603, 0.192747, 0.070286, 0.169432, 0.185877, 0.228844, -0.316505, 0.012688, 0.035413, -0.318290, -0.359992, 0.109170, 0.245066, 0.094608, -0.168503, -0.148673, 0.087799, 0.196117, 0.177933, 0.088040]
Neuronio 8: bias=0.106730 | pesos=[0.251555, 0.045487, -0.005553, 0.007895, -0.313655, -0.713013, -0.776019, -0.135069, -0.114341, 0.335274, -0.018590, 0.246405, 0.306813, -0.116864, -0.098590, 0.041578, 0.229212, -0.512192, -0.781911, -0.553976, 0.188409, 0.126384, -0.184327, -0.066065, 0.038411, 0.226368, 0.420059, 0.122293, -0.077724, -0.173026, -0.669701, -0.967760, -0.568023, -0.457083, -0.340235, 0.298493, 0.097740, 0.064015, 0.096314, -0.107079, 0.003020, 0.331461, -0.578935, -0.875148, -1.284330, -0.828368, -0.271546, 0.221498, 0.267162, -0.168703, 0.203507, 0.039678, 0.680516, 0.475631, 0.235582, -0.094585, -0.672846, -0.779289, -0.216172, 0.048579, -0.117953, -0.035622, 0.155317, 0.444648, 0.384021, -0.485439, 0.623098, 0.665372, -0.034498, -0.404773, -0.306321, 0.269071, -0.121106, 0.092381, -0.142775, 0.226167, -0.207568, -0.221474, 0.983927, 0.751014, 0.013852, -0.326979, 0.188371, 0.070601, -0.124666, -0.081808, 0.230170, 0.086069, -0.002532, 0.166003, 0.727124, 0.822431, 0.267556, -0.110162, -0.120738, -0.052820, -0.062772, -0.270801, 0.499895, 0.719226, -0.259593, -0.318664, 0.301757, 0.810674, 0.445737, 0.119300, -0.037259, 0.296898, -0.128903, 0.126851, 0.014812, 0.047552, 0.098858, -0.145685, -0.170211, 0.161033, 0.441657, 0.329390, -0.113504, 0.072808]
Neuronio 9: bias=0.115011 | pesos=[0.202890, -0.031070, -0.222189, -0.431674, -0.176846, 0.453305, -0.062772, -0.330857, -0.420354, -0.309546, 0.181964, 0.118656, 0.348501, 0.036123, 0.000862, -0.514742, -0.267542, 0.303905, 0.341314, -0.842774, -1.593487, -0.825153, -0.108018, 0.107346, 0.283187, -0.019389, -0.331399, -0.102924, -0.382035, -0.157521, 0.367921, 0.470326, -0.356287, -0.355491, 0.106572, 0.038240, 0.133946, -0.090771, -0.434454, -0.101566, 0.393536, 0.132247, 0.652541, 0.431944, 0.235951, 0.161834, 0.231170, 0.193248, 0.047562, -0.259399, -0.549288, -1.205191, 0.238664, 0.022822, 0.179040, -0.001321, 0.143577, -0.047881, -0.027613, 0.250613, 0.007988, -0.510245, -0.702274, -0.742680, -0.141091, 0.623554, 0.319174, 0.076656, 0.086591, -0.089072, 0.169005, 0.126431, 0.126161, -0.277175, -0.237006, -0.180880, -0.094584, -0.039798, -0.179305, 0.084246, 0.043456, -0.069184, -0.105090, 0.127965, -0.172523, 0.169328, 0.370402, 0.106457, -0.040750, -0.116515, 0.026529, 0.513684, 0.204638, -0.105546, 0.065380, 0.109244, 0.301448, 0.765467, 0.871138, 0.673517, -0.159895, 0.065285, 0.284835, 0.114043, 0.098705, -0.135888, -0.302108, 0.088268, 0.179416, 0.484767, 0.407898, 0.867261, 0.021424, -0.113301, 0.361414, -0.428075, -0.517109, -0.283101, 0.150379, 0.069782]
Neuronio 10: bias=0.137615 | pesos=[0.089908, 0.155932, -0.045793, 0.151709, 0.319935, 0.367716, 0.318338, 0.301426, -0.271237, 0.167570, -0.143963, -0.113454, -0.418557, -0.448152, 0.371278, 0.066763, -0.232165, -0.196418, -0.554964, -0.305288, -0.604182, -0.084479, -0.152214, -0.294888, -0.007038, -0.424108, -0.067400, -0.071605, -0.124910, 0.023854, -0.413022, -0.400165, -0.068607, 0.085908, -0.120422, 0.035396, -0.342052, -0.148454, -0.022708, -0.194385, 0.331041, 0.073262, -0.092200, 0.015255, 0.129042, -0.060809, -0.114722, -0.097577, -0.085289, 0.006321, -0.085932, -0.620577, -0.199307, -0.128660, 0.273969, 0.175470, -0.045420, 0.038745, -0.249688, -0.032728, -0.136580, -0.537485, -0.305737, -0.373550, -0.139249, 0.225795, 0.276356, 0.529717, 0.011512, -0.158870, 0.043848, 0.243580, 0.197262, -0.181004, -0.354722, -0.054091, 0.115279, 0.296490, 0.388551, 0.135155, 0.161785, -0.037773, 0.156018, 0.259442, 0.207116, 0.010818, -0.266556, 0.247934, 0.401960, 0.444456, 0.216796, 0.046437, 0.225991, -0.013559, -0.116542, 0.152091, -0.003969, -0.213128, 0.129948, -0.550144, -0.001369, 0.182814, 0.343319, 0.068583, -0.001122, 0.017886, -0.208711, 0.088214, 0.003753, 0.157257, 0.008170, -0.075657, -0.341020, -0.107624, 0.172988, 0.513248, 0.715578, 0.410717, 0.133648, 0.191398]
Neuronio 11: bias=-0.166138 | pesos=[0.007712, 0.014803, 0.136862, -0.406602, -0.307106, -0.221366, -0.078021, 0.016776, -0.167447, -0.173653, 0.199319, 0.106112, 0.210242, 0.657917, 0.215747, -0.026765, -0.224590, -0.700827, -0.372449, -0.009410, -0.426164, 0.256472, 0.205852, 0.033072, 0.151455, 0.253942, 0.151965, 0.180843, 0.172022, -0.667353, -0.134935, 0.088398, -0.120285, 0.365229, 0.267758, -0.091368, 0.020507, 0.096841, 0.223672, 0.046967, 0.208293, -0.062528, 0.363305, 0.140417, 0.336596, 0.466734, 0.450374, -0.108635, -0.253973, 0.101399, 0.184275, -0.069518, 0.251830, 0.192484, 0.307604, 0.133566, 0.234661, 0.249779, 0.207137, -0.289583, -0.024679, 0.019954, -0.002430, 0.145934, 0.148618, 0.211319, 0.236517, 0.116223, 0.133182, 0.033305, 0.196104, -0.275751, -0.044781, 0.073105, 0.041250, 0.035566, -0.006547, 0.115541, 0.362958, -0.192319, 0.253776, 0.332411, 0.111367, -0.054388, -0.101491, -0.073576, -0.291656, -0.071459, 0.165021, 0.337644, 0.355304, -0.333547, -0.035727, 0.057930, 0.062250, 0.006729, -0.169117, 0.032702, 0.054408, -0.535134, -0.274053, -0.143990, -0.084881, -0.743684, -0.248554, -0.000295, -0.270493, -0.339905, -0.161845, -0.014200, 0.083201, -0.223079, -0.627119, -0.373255, 0.115792, -0.284092, -0.331145, -0.081257, -0.069972, -0.084501]
Neuronio 12: bias=0.130426 | pesos=[0.181823, 0.220487, 0.407608, 0.045136, -0.161445, -0.376947, -0.354743, -0.224149, -0.178779, 0.169143, 0.155977, 0.165337, 0.135770, 0.037401, 0.753930, 0.231514, -0.154575, -0.430677, -0.448553, -0.509481, 0.019129, 0.262042, -0.097085, -0.011444, 0.192345, -0.127039, 0.027310, -0.150100, -0.628543, -0.249397, -0.443669, -0.526863, -0.084762, -0.041830, -0.026637, 0.032778, -0.165971, -0.135852, 0.092783, -0.411936, -0.230328, 0.295345, 0.061155, -0.395430, -0.212716, -0.274795, 0.052281, 0.019646, 0.166207, -0.167123, -0.035615, -0.255257, -0.236071, -0.228663, -0.231729, -0.218955, 0.080475, -0.324016, 0.126266, 0.072089, -0.195836, -0.406413, -0.198712, 0.071349, 0.006737, 0.005937, 0.073022, -0.575468, -0.008415, -0.456887, 0.033610, 0.122183, 0.072420, -0.198988, -0.297481, 0.093661, 0.295258, 0.326543, 0.430577, -0.349002, -0.446991, -0.451542, 0.136411, -0.002761, 0.014320, -0.011995, -0.082202, 0.299999, 0.208997, 0.134110, 0.224281, 0.574000, -0.223274, -0.395310, 0.019492, -0.012393, 0.257275, 0.093026, 0.344451, 0.065045, -0.149830, 0.163942, 0.349875, 0.567254, 0.265129, -0.057649, 0.053871, 0.009212, -0.017910, 0.058490, 0.092923, -0.196969, -0.083084, -0.149639, 0.178145, 0.071142, 0.673076, 0.351592, 0.168930, 0.201664]
Neuronio 13: bias=0.063047 | pesos=[-0.099952, 0.099469, 0.169408, 0.346722, 0.116996, 0.231062, 0.109528, 0.361911, 0.000712, -0.208122, 0.011690, 0.199052, -0.175333, -0.124087, -0.107569, 0.194657, -0.101100, 0.060033, -0.260246, -0.007776, -0.157331, 0.160030, -0.180728, 0.073030, -0.178286, 0.057350, -0.079008, 0.197099, 0.077444, 0.193598, -0.156234, 0.200122, -0.087358, 0.242556, 0.008167, 0.154759, -0.190548, -0.170329, -0.101354, 0.150216, -0.228403, -0.012918, -0.092403, 0.149870, -0.054740, 0.042407, 0.082516, -0.076613, 0.145012, -0.034482, -0.096191, 0.123095, 0.034340, 0.134303, 0.137718, -0.125750, -0.033748, 0.270292, 0.124993, 0.091013, -0.139083, 0.144187, 0.199337, 0.160566, -0.256043, 0.139608, -0.015773, 0.351779, 0.065987, 0.191133, 0.045469, 0.084867, -0.143305, 0.054528, -0.123930, -0.067772, -0.102748, -0.192459, -0.061699, 0.022471, -0.224936, -0.043117, -0.065965, -0.111028, 0.036712, -0.173745, -0.219326, 0.216632, -0.020730, -0.116688, -0.003041, 0.288217, 0.191731, 0.171323, -0.037558, 0.207059, -0.134926, 0.085978, -0.022275, -0.089952, -0.146457, 0.108312, 0.197157, -0.116480, -0.051143, 0.058815, -0.012466, 0.221077, 0.047954, -0.171664, -0.071976, 0.073669, -0.201602, -0.010040, 0.133819, 0.185770, 0.066724, 0.147571, -0.057795, 0.079836]
Neuronio 14: bias=0.112216 | pesos=[0.084086, -0.252324, -0.436552, -0.153743, -0.102051, 0.149575, 0.174671, 0.350865, 0.082723, -0.059113, -0.044871, 0.308450, 0.288062, 0.096755, -0.293199, -0.088743, 0.020298, -0.457712, -0.259443, 0.102523, -0.084946, 0.010938, -0.037510, 0.218986, 0.096150, -0.076237, -0.176384, 0.078019, -0.337671, -0.140735, 0.060371, 0.158146, -0.344167, -0.249195, 0.199666, 0.082923, 0.219456, -0.099728, 0.099426, -0.028372, -0.347306, 0.264763, -0.195717, -0.520313, -0.620268, -0.041237, 0.005964, -0.085031, -0.000080, 0.263731, 0.275779, -0.321435, -0.302442, 0.459221, -0.098535, -0.373609, -0.589543, 0.008017, 0.235725, 0.217036, 0.152880, 0.352536, -0.127460, -0.818067, -0.193087, 0.446218, 0.437782, -0.042500, 0.038432, 0.377269, -0.080649, 0.256405, 0.037193, 0.150709, -0.409289, -0.769309, -0.378839, 0.377012, 0.503437, 0.474440, 0.124842, 0.356118, 0.025269, 0.074301, 0.304787, -0.184849, -0.257077, -0.348084, 0.365655, 0.369368, 0.356039, -0.058303, -0.103664, -0.081294, -0.038143, 0.162226, -0.243750, -0.651682, -0.712166, -0.221693, 0.150696, 0.527990, 0.245845, -0.095213, -0.152446, -0.211469, -0.014885, -0.059525, -0.132519, -0.700285, -0.589986, -0.006907, 0.362300, 0.417502, 0.577475, 0.254848, -0.233194, 0.047225, -0.155912, 0.264878]
Neuronio 15: bias=0.121183 | pesos=[0.151817, -0.147565, 0.148547, 0.156475, -0.204663, -0.416055, -0.466822, -0.170045, 0.064268, 0.218864, 0.037962, -0.053676, 0.119457, -0.336516, 0.313795, 0.230031, -0.065065, -0.953954, -0.665347, 0.098684, 0.279518, 0.471230, 0.010690, -0.075661, -0.003932, -0.227169, -0.023210, 0.262695, 0.000201, -0.258012, -0.127665, 0.423272, 0.057203, 0.349541, 0.036561, 0.160459, -0.082885, -0.065255, -0.319154, -0.069890, -0.073741, 0.298097, 0.405945, 0.279375, 0.135541, -0.104380, -0.223137, 0.104462, 0.053811, -0.062868, -0.164361, -0.713565, -0.507831, 0.560063, -0.305553, -0.297140, -0.431389, -0.376252, -0.088225, 0.045132, 0.087293, 0.026189, -0.125492, -0.331970, -0.356931, 0.661657, -0.627100, -0.715248, 0.070996, 0.089579, -0.131487, 0.061593, 0.086710, -0.175888, 0.270916, -0.441121, 0.097324, -0.007045, -0.254591, -0.120543, 0.039330, -0.012056, -0.055292, 0.167980, 0.185076, -0.058005, -0.041256, 0.394486, -0.176103, -0.003954, -0.199860, 0.186709, 0.055193, 0.215279, 0.160780, 0.012947, -0.154732, -0.166214, -0.338354, 0.093117, 0.561820, 0.268195, 0.461307, 0.535628, 0.158897, -0.049866, 0.078784, -0.080531, 0.185078, -0.007941, -0.500923, 0.385588, 0.378860, 0.551385, 0.564827, 0.438950, 0.181586, 0.021960, 0.027277, 0.111507]
Neuronio 16: bias=-0.031214 | pesos=[0.015504, 0.093249, -0.111297, 0.285582, 0.176542, 0.449828, 0.516526, 0.666051, 0.309878, -0.224048, -0.061423, -0.096529, 0.110936, -0.084526, -0.285808, 0.056397, 0.080869, 0.162325, 0.466118, 0.729020, 0.580925, 0.062150, -0.191466, 0.101416, -0.143789, 0.093526, -0.112948, -0.242052, 0.175136, 0.361838, 0.773221, 0.769938, 0.400662, 0.109113, 0.252750, 0.117872, -0.132387, -0.109980, -0.111570, -0.247252, -0.525222, -0.152265, 0.181106, 0.302935, 0.097505, 0.298731, -0.144138, -0.104666, -0.071387, 0.343481, 0.222849, -0.084378, -0.841839, -0.807955, -0.439288, -0.215040, 0.000727, 0.088466, 0.045167, -0.011804, -0.212222, 0.269741, 0.157863, 0.093916, -0.426505, -0.315474, -0.119248, -0.386280, -0.136767, -0.163279, -0.001537, -0.073527, -0.179962, 0.159467, 0.295486, 0.296271, 0.361450, 0.388613, 0.147146, -0.464132, -0.465872, -0.486980, -0.187960, 0.038406, -0.141673, 0.186997, 0.159381, 0.253597, 0.466775, -0.270323, 0.056311, 0.001586, -0.423663, -0.172449, -0.223599, 0.197398, -0.085437, -0.027396, -0.511912, 0.201840, -0.162030, -0.691632, -0.223531, -0.097147, -0.027540, 0.398982, 0.197117, 0.147444, 0.068490, -0.243347, -0.322215, -0.212387, -0.322911, -0.381780, -0.285160, -0.166128, 0.038627, 0.069084, -0.139724, -0.134227]
Neuronio 17: bias=0.061126 | pesos=[-0.199487, 0.257513, 0.067752, -0.266136, -0.249239, -0.092521, -0.221949, -0.176830, 0.079713, 0.109351, 0.003712, -0.033403, -0.080070, 0.048321, 0.532259, -0.094778, 0.302635, -0.174299, 0.372456, 0.430554, 0.386706, 0.343688, -0.150043, 0.156886, -0.162580, -0.005411, 0.049418, 0.336977, 0.629058, 0.006903, 0.124447, 0.604048, 0.497186, 0.436080, 0.047447, -0.081362, -0.143003, -0.064760, 0.073487, 0.341879, 0.503775, -0.042640, -0.289249, -0.091478, 0.110390, 0.000425, 0.104665, -0.094519, 0.040132, 0.200290, -0.043242, 0.459856, 0.263578, 0.458829, -0.016575, -0.066739, 0.019328, 0.060968, -0.206444, 0.225528, 0.198708, 0.122213, 0.088058, -0.011882, 0.254133, 0.359960, 0.182722, -0.264017, -0.714389, -0.055948, -0.124920, 0.035219, -0.156197, 0.038119, -0.358018, -0.578389, -0.471049, -0.097605, -0.089652, -0.258533, -0.490207, -0.048578, 0.092829, 0.016604, 0.217825, -0.039127, -0.494377, -0.201134, -0.405828, 0.205278, -0.043042, 0.070089, -0.157228, 0.148122, 0.084241, 0.218050, -0.109760, -0.160662, -0.450812, -0.306854, -0.028969, 0.135079, 0.230878, 0.041297, 0.108928, 0.259067, 0.024926, 0.125732, -0.072130, 0.045044, -0.391240, -0.655136, -0.277539, 0.242300, 0.054927, -0.207918, -0.439407, -0.450350, -0.001921, 0.009760]
Neuronio 18: bias=0.302765 | pesos=[-0.003638, 0.167486, -0.001632, -0.021813, 0.110790, 0.069868, 0.046263, 0.195467, 0.112685, 0.217404, 0.090465, 0.041125, 0.076333, -0.115688, 0.288592, 0.236050, 0.306385, -0.232771, -0.307853, 0.007877, 0.252721, 0.179561, -0.152475, 0.060570, 0.005629, -0.152859, 0.199226, 0.484211, 0.533194, 0.301385, -0.362108, -0.180456, -0.025710, 0.153088, -0.155285, 0.173517, 0.109522, -0.027619, 0.043116, 0.509244, 1.078050, 0.083889, -0.219213, -0.684219, -0.297483, -0.317561, -0.182875, -0.022022, -0.047247, -0.223031, 0.023240, 0.183628, 0.432262, -0.047305, -0.482901, -0.578216, -0.230640, -0.354111, 0.056353, 0.287235, 0.205899, -0.344713, 0.063939, -0.352655, -0.398931, -0.231586, -0.168374, 0.125890, -0.412887, -0.141490, -0.014610, 0.380474, 0.324116, -0.413230, -0.001648, 0.029344, -0.122430, 0.086542, 0.457597, 0.244380, -0.493398, -0.363973, 0.128095, 0.231399, 0.101534, -0.278326, 0.005504, 0.322118, 0.322630, 0.203549, -0.164628, 0.339456, -0.010143, -0.298347, 0.320113, 0.382902, 0.115331, -0.153570, -0.587934, -0.333463, -0.376421, -0.720321, -0.151473, -0.285452, 0.142988, 0.251855, 0.080308, 0.355892, 0.145005, 0.011727, -0.116827, -0.431211, -0.283553, -0.174406, -0.089191, -0.126354, -0.290603, 0.001654, 0.032626, 0.228060]
Neuronio 19: bias=0.091689 | pesos=[-0.044829, 0.041329, -0.590584, -0.307460, 0.127315, 0.212917, 0.381733, 0.028216, 0.339157, -0.237198, -0.032510, 0.158793, -0.007446, -0.138571, -0.770478, -0.623349, -0.085690, 0.601505, 0.258308, 0.351315, -0.258291, -0.381072, -0.252268, 0.048160, 0.355334, -0.046246, -0.607288, -0.069411, 0.106828, 0.310056, 0.214618, 0.148502, -0.336287, -0.461918, -0.110568, 0.222561, -0.027353, 0.044484, -0.049445, -0.390431, 0.017015, -0.163055, -0.110910, -0.042877, -0.545408, -0.391311, -0.262607, -0.149538, 0.258489, 0.121772, 0.147767, -0.059756, 0.016158, -0.082170, 0.338302, 0.040976, -0.456891, -0.281953, 0.007421, -0.101615, 0.236384, 0.409021, 0.394043, 0.047736, -0.147076, -0.325514, -0.004922, 0.148541, -0.034017, 0.026223, -0.241317, 0.103843, -0.064720, 0.222106, 0.496077, 0.107767, 0.260152, -0.502580, -0.594021, -0.063304, -0.224518, -0.252718, 0.111002, 0.108713, -0.040164, 0.280942, 0.414453, 0.146044, 0.174557, -0.139812, -0.603189, -0.380290, 0.027529, 0.196016, -0.170915, 0.270899, 0.084602, -0.046024, 0.024753, 0.015702, 0.468993, 0.346602, 0.255383, 0.208583, 0.134212, 0.226408, 0.022524, 0.047670, 0.162550, 0.138292, -0.381633, -0.107407, -0.087256, 0.230778, 0.584347, 0.739645, 0.311889, -0.020888, 0.201202, 0.135850]
Neuronio 20: bias=-0.181615 | pesos=[-0.218393, -0.382089, -0.313489, 0.113281, 0.164846, 0.531442, 0.670488, 0.104628, -0.543470, -0.473717, -0.187613, -0.225617, 0.128320, -0.329694, -0.178026, -0.289608, -0.150336, 0.591251, 0.583103, 0.138142, -0.538992, -0.608329, 0.031662, -0.120232, 0.019847, -0.107061, -0.337426, -0.674775, -0.131322, 0.359967, 0.484905, 0.549181, -0.067269, 0.058960, 0.382964, -0.236131, 0.087830, 0.108299, -0.500673, -0.597762, -0.654927, -0.678994, 0.185823, 1.047598, 0.533015, 0.524833, 0.198062, 0.077193, -0.156274, -0.065336, -0.171387, -0.367781, -0.472364, -0.581026, 0.144163, 0.462021, 0.544196, 0.377219, -0.026695, -0.031389, -0.099226, 0.109286, 0.190764, -0.021086, -0.100982, -0.405408, 0.039593, 0.325854, 0.455201, 0.427884, 0.151980, -0.156011, -0.297642, 0.038437, 0.401032, 0.553703, 0.108847, -0.567365, -0.302985, 0.541598, 0.367064, 0.273698, 0.016714, -0.125667, -0.139628, 0.009655, 0.205112, 0.217430, 0.034119, -0.332884, -0.052912, 0.528324, 0.265592, -0.029410, -0.249225, 0.026844, -0.198058, 0.428200, 0.193955, -0.021094, -0.138295, -0.156536, -0.096569, 0.351718, 0.378230, 0.007092, -0.406205, -0.157997, -0.153260, 0.165874, -0.044270, 0.171095, -0.359358, -0.309754, 0.015337, 0.639579, 0.245530, 0.002982, -0.258007, -0.283396]
Neuronio 21: bias=0.016482 | pesos=[-0.173468, -0.391343, -0.507286, -0.119060, 0.367523, 0.390000, 0.297505, 0.398166, 0.106345, -0.332649, -0.135294, 0.059051, 0.061489, -0.148388, -0.478303, -0.190596, 0.091450, 0.453748, 0.478083, 0.209294, -0.257051, -0.560175, -0.337275, -0.038776, -0.045036, -0.168172, -0.254997, -0.093055, 0.239283, 0.203489, 0.386545, 0.087234, -0.254686, -0.367923, -0.202591, -0.197467, -0.119680, 0.075607, 0.067127, -0.002074, 0.127718, -0.540527, -0.164322, -0.085845, -0.807681, -0.348561, -0.188114, -0.049901, 0.113055, 0.130399, -0.002411, -0.064141, 0.165677, -0.056609, 0.259026, -0.194802, -0.924291, -0.196334, -0.088834, 0.109531, 0.305965, 0.242938, -0.112294, -0.185875, -0.203694, -0.508256, 0.165168, -0.014721, -0.217160, -0.153607, 0.024077, 0.013863, -0.060091, 0.251789, -0.068184, -0.015183, 0.146056, -0.640759, -0.562602, 0.323930, -0.112270, 0.126814, -0.098027, -0.116918, -0.078296, 0.246950, 0.255932, 0.237455, -0.158566, -0.241657, -0.039184, 0.083716, 0.455672, 0.287176, 0.030191, -0.115400, -0.205617, 0.428730, 0.283071, 0.185112, 0.225332, 0.593349, 0.700067, 0.421594, 0.317964, -0.043596, 0.002272, -0.038859, 0.205307, 0.155298, 0.327462, -0.051308, 0.294109, 0.845431, 0.910129, 0.793593, 0.072999, 0.032479, 0.225944, -0.182046]
Neuronio 22: bias=0.223762 | pesos=[0.274928, 0.031060, 0.216557, -0.241804, -0.483488, -0.203931, -0.396059, -0.367764, -0.142058, 0.221810, 0.418375, 0.052594, -0.084449, 0.210814, -0.122260, -0.363588, -0.532779, -0.746892, -0.029902, -0.696136, -0.395321, -0.299663, 0.198999, -0.155035, -0.090281, -0.035799, 0.343079, 0.276679, -0.002969, -0.407021, -0.373833, -0.238293, -0.081588, 0.091835, 0.094783, 0.211624, 0.207946, 0.139493, -0.223922, 0.214511, 0.143826, -0.521947, -0.406177, 0.047648, 0.071858, -0.203205, -0.010963, 0.184548, 0.208826, -0.093511, 0.132088, -0.081231, 0.126596, -0.079529, 0.150962, 0.543730, 0.119659, -0.295087, 0.049004, 0.194330, 0.122189, -0.133797, -0.074465, -0.316520, 0.032133, -0.179823, 0.118927, 0.565111, 0.317714, 0.246619, 0.094380, 0.062654, 0.243288, -0.013058, -0.113893, -0.480179, -0.795187, -0.046869, -0.371357, 0.037758, 0.239368, 0.190204, 0.076468, 0.070483, 0.397612, 0.066173, -0.063975, -0.544601, -0.019892, -0.316807, -0.557075, -0.675145, -0.194567, 0.098224, 0.190432, 0.254780, 0.328162, 0.119551, -0.022509, 0.485665, 0.578249, 0.878110, 0.163510, -0.402320, -0.425068, -0.153724, 0.024719, -0.012503, 0.012757, 0.044030, -0.161510, 0.171834, 0.824562, 0.557882, -0.028421, -0.288092, -0.934132, -0.368598, 0.049071, 0.413225]
Neuronio 23: bias=0.090391 | pesos=[0.104513, 0.244667, -0.095645, 0.188034, -0.026039, 0.024800, -0.096772, 0.073270, 0.039528, 0.075297, 0.198080, 0.057418, 0.111020, -0.101889, 0.023091, 0.119775, 0.109257, 0.200470, 0.081831, 0.188045, -0.107919, 0.202232, 0.050829, 0.215667, 0.083423, 0.025077, 0.196091, 0.133466, 0.031910, -0.057257, 0.000439, 0.040102, -0.137618, -0.083967, -0.092750, 0.128048, -0.007421, 0.173974, 0.132104, 0.060178, 0.104920, 0.099873, 0.135849, -0.059246, 0.098893, 0.136115, 0.214561, 0.188577, -0.026040, 0.050744, 0.122650, -0.005826, -0.045772, 0.131605, 0.109299, -0.084810, 0.006790, 0.030525, -0.069214, 0.071816, -0.000648, -0.029462, 0.163597, -0.027405, 0.153790, 0.110657, 0.112166, -0.025360, 0.063350, 0.200641, 0.207929, -0.069181, 0.020965, 0.065267, 0.182705, -0.132770, 0.136138, 0.152798, -0.077988, -0.031362, 0.040929, 0.108063, -0.031261, 0.105319, 0.265169, -0.054740, 0.127209, 0.112017, -0.109647, 0.098043, 0.051995, -0.099516, -0.125037, 0.184041, 0.096931, 0.176035, -0.059147, 0.172427, 0.034371, -0.075615, -0.066580, -0.033933, 0.125824, 0.066268, 0.053987, 0.209343, -0.039206, 0.140393, -0.014202, -0.056094, 0.193227, 0.224911, 0.172444, 0.144516, 0.201203, 0.039428, -0.036394, 0.085031, 0.146780, -0.076952]
Neuronio 24: bias=-0.079983 | pesos=[0.023641, 0.014803, -0.129292, -0.260661, -0.405856, -0.239839, -0.306567, -0.249468, -0.010470, -0.053668, -0.011879, 0.232459, -0.072853, -0.067052, -0.441768, -0.740944, -0.396018, -0.506992, -0.007761, -0.175610, -0.122755, -0.093237, 0.103285, -0.001704, -0.046812, 0.225088, -0.116830, -0.361350, -0.184927, 0.088307, 0.300029, 0.318693, 0.241785, 0.332884, 0.127886, 0.002567, -0.036430, -0.172803, -0.181048, -0.287868, -0.389562, 0.341941, 0.314363, 0.432261, 0.100653, 0.129202, 0.206997, -0.174588, 0.064734, 0.119280, 0.130683, 0.144547, -0.240350, -0.040773, 0.125916, 0.410891, 0.176788, 0.165727, -0.167366, 0.122114, -0.127185, 0.407648, 0.310098, 0.252180, -0.182618, -0.273980, 0.141015, 0.344162, 0.430174, 0.167896, 0.030987, -0.015136, -0.188315, 0.198523, 0.288894, 0.276341, -0.277234, 0.127545, 0.009928, 0.114870, 0.133742, 0.116269, -0.095896, -0.111877, -0.187938, 0.148778, 0.680222, 0.523177, 0.079354, -0.081461, -0.125380, -0.134321, 0.093604, 0.200978, -0.211317, -0.157410, 0.043786, 0.277661, 0.179710, 0.399946, -0.292975, -0.668123, -0.272259, -0.141112, 0.053446, 0.273912, 0.384896, -0.201943, 0.005770, -0.004389, 0.016156, 0.168585, 0.289285, -0.360420, -0.991961, -0.639243, -0.358514, -0.230039, 0.119079, -0.107790]
Neuronio 25: bias=-0.065664 | pesos=[0.169094, -0.069088, 0.096589, -0.094522, 0.005863, -0.024096, -0.100854, -0.255187, -0.435675, -0.096304, 0.020275, 0.048855, 0.282947, 0.282018, -0.008382, -0.045718, 0.023999, -0.260102, -0.308661, -0.314808, -0.298031, 0.105144, 0.395647, 0.026852, 0.039072, 0.197894, -0.238061, -0.134843, -0.054964, -0.210232, -0.578935, 0.114940, 0.045472, 0.150078, 0.307942, 0.151805, 0.115696, 0.239618, 0.054557, -0.131840, -0.043100, -0.319498, -0.310801, 0.312633, 0.863065, 0.909891, 0.505345, -0.075218, 0.049832, -0.005319, 0.189119, 0.022008, 0.013499, -0.510369, -0.548334, 0.146350, 0.804408, 0.288952, 0.145750, 0.004072, -0.084061, 0.342010, 0.353598, 0.168809, 0.342127, -0.456968, -0.638094, -0.024611, 0.176557, 0.258965, 0.246569, -0.157685, 0.031213, 0.143705, 0.164003, 0.395260, 0.198151, -0.346254, -0.248810, -0.144924, -0.356807, -0.098378, -0.038175, 0.018280, 0.081865, 0.126593, -0.231320, 0.206271, 0.104677, -0.429785, 0.070524, -0.151966, -0.205917, 0.013616, -0.179541, -0.197416, -0.083772, 0.065681, -0.073518, 0.106078, -0.199905, -0.383141, -0.143009, 0.038594, -0.033771, 0.007481, -0.114608, -0.040419, -0.058096, -0.009163, -0.438199, 0.175730, -0.419942, -0.736208, -0.361011, 0.244088, 0.279959, 0.176425, 0.080386, -0.090705]
Neuronio 26: bias=0.249986 | pesos=[0.148791, -0.105134, -0.202016, 0.260323, 0.292018, 0.200124, 0.244770, 0.301214, 0.327410, 0.292360, 0.042980, 0.258291, -0.055375, -0.100565, -0.129617, 0.133306, 0.001198, -0.290212, -0.165617, 0.046425, 0.399630, 0.121353, 0.173270, 0.061428, 0.068494, 0.159528, -0.014141, -0.090944, -0.276999, -0.079500, -0.230159, -0.102699, -0.011246, -0.148091, 0.099858, 0.170849, 0.141842, -0.248001, 0.095651, -0.261618, -0.310239, 0.168005, -0.281349, -0.344246, -0.267348, -0.382988, -0.065221, 0.060040, 0.260167, -0.146334, -0.024226, 0.100353, 0.012883, -0.149310, -0.165391, -0.198035, -0.365106, -0.532302, -0.140439, 0.112144, 0.147211, -0.193586, -0.062410, -0.139918, 0.119149, 0.068334, -0.302114, 0.034477, -0.287691, -0.430255, -0.116112, 0.378105, 0.051379, -0.117328, -0.077697, -0.072124, 0.242500, 0.229711, -0.494200, -0.056018, -0.500707, -0.276929, 0.071123, 0.257698, 0.133171, -0.355287, -0.273356, 0.055782, 0.276815, 0.212559, -0.519362, -0.514017, -0.571731, -0.283101, 0.027122, 0.343164, 0.058412, -0.432182, -0.329235, -0.019553, 0.572526, 0.672499, 0.321036, -0.164041, -0.707545, -0.477238, -0.046486, 0.179074, 0.224555, -0.213800, -0.430912, 0.139571, 0.410602, 0.747628, 0.664315, 0.399662, -0.218397, 0.010302, 0.067486, 0.299624]
Neuronio 27: bias=0.009661 | pesos=[-0.181283, -0.136324, 0.084521, -0.123018, -0.010190, 0.167293, 0.359892, 0.068169, -0.163902, -0.169809, 0.000741, 0.176251, 0.045425, 0.204467, 0.314363, -0.053065, 0.017529, 0.447614, 0.654888, 0.028705, -0.349082, -0.351440, 0.086038, -0.052028, -0.079468, 0.079923, 0.097270, 0.270165, 0.542691, 0.333837, 0.463240, 0.687932, 0.247430, 0.246271, 0.082567, -0.019106, 0.206516, -0.069038, 0.028509, 0.105302, 0.097110, -0.532630, -0.434523, 0.428027, 0.357772, 0.691823, 0.091582, 0.233493, 0.142360, -0.174549, 0.001375, -0.106526, -0.294300, 0.229452, -0.196163, -0.002049, 0.346259, 0.587542, 0.065833, 0.084409, -0.141235, 0.101357, -0.178888, 0.074539, -0.341591, 0.068844, 0.140234, -0.139287, -0.348007, 0.014503, 0.208989, -0.152580, 0.097193, -0.101338, 0.126186, -0.213064, -0.504108, -0.283225, 0.150394, -0.411923, -0.693785, 0.128729, 0.115789, -0.033721, -0.111086, -0.211431, 0.026513, 0.067640, 0.075476, -0.276368, -0.123880, -0.280145, -0.055765, 0.174810, 0.015745, 0.148767, 0.159226, 0.179301, -0.042293, 0.220592, -0.324638, -0.622131, -0.198382, -0.360176, 0.017770, -0.127411, 0.002205, 0.184185, 0.131282, 0.029986, 0.023480, 0.282244, -0.169191, -0.514372, -0.631488, -0.452163, -0.395615, -0.547261, -0.054573, 0.055947]
Neuronio 28: bias=-0.030582 | pesos=[0.172263, 0.201324, -0.211335, 0.108048, -0.038077, -0.364270, 0.069557, -0.132436, -0.023621, -0.039849, 0.113946, 0.140976, 0.126434, -0.075057, -0.465165, -0.387781, -0.052150, -0.049882, -0.035916, -0.115639, -0.337559, -0.086478, -0.115898, -0.044800, 0.153042, 0.015459, -0.080794, -0.672396, -0.184494, 0.341949, 0.055729, -0.244148, 0.016234, -0.045255, 0.144107, -0.129173, 0.004482, 0.252837, 0.009745, -0.418375, -0.733375, 0.351668, -0.156697, -0.128240, 0.171410, -0.205240, -0.081971, 0.140246, 0.023873, 0.057655, 0.043785, 0.420372, -0.113550, 0.195926, -0.301430, -0.370804, -0.051015, -0.013262, 0.115481, -0.152159, -0.085636, -0.180353, 0.493832, 0.483539, 0.006978, -0.373000, -0.366017, 0.214070, 0.272454, 0.123332, -0.245593, 0.039673, -0.027800, 0.009857, 0.077019, 0.197059, -0.480590, 0.058518, 0.117692, 0.549229, 0.732863, -0.093607, 0.078466, -0.047062, -0.093176, -0.169408, -0.003958, -0.153667, -0.411462, -0.151547, 0.313048, 0.532107, 0.309434, 0.078750, -0.233890, -0.099256, -0.084046, -0.293574, -0.031674, -0.040325, 0.129022, -0.038990, 0.084567, 0.655464, 0.022390, -0.217298, 0.128516, -0.083556, 0.050389, -0.331899, -0.010214, 0.358243, 0.109643, -0.317674, -0.124177, 0.418176, 0.296457, 0.117969, -0.072230, 0.143493]
Neuronio 29: bias=0.014904 | pesos=[-0.338948, -0.227137, -0.024438, 0.110877, -0.044566, 0.279403, 0.311461, 0.194222, 0.045651, -0.070067, -0.281231, 0.020631, -0.449415, -0.219026, -0.164246, -0.239944, -0.159466, -0.089265, 0.146365, 0.613532, 0.140098, 0.295047, -0.050899, -0.287774, -0.274715, -0.206770, 0.364904, -0.180640, -0.073271, 0.188869, -0.026887, 0.250638, 0.143011, 0.623872, -0.122721, -0.187465, -0.075020, -0.129858, -0.073475, -0.447896, -0.283864, -0.365286, -0.131867, 0.431536, 0.634878, 0.069543, -0.144189, 0.224801, -0.312118, -0.227544, 0.163042, -0.038827, -0.764909, -0.688837, -0.480262, 0.000666, 0.134558, 0.012317, -0.179453, -0.110717, -0.099298, -0.203896, -0.065474, 0.043919, -0.490824, -0.665957, -0.307966, 0.561146, 0.324535, 0.058605, 0.071296, -0.113903, -0.236957, -0.190083, 0.191888, 0.468359, -0.222008, 0.152568, 0.122908, 0.899012, 1.061148, 0.028266, 0.046106, -0.012087, -0.122629, -0.181371, 0.061613, 0.122488, 0.159404, 0.838499, 0.480409, 0.564110, 0.466250, 0.118139, 0.044834, 0.089298, -0.206022, 0.080167, -0.285053, -0.645119, 0.227624, 0.767430, 0.121286, -0.185675, -0.213105, 0.097657, -0.335257, 0.229149, -0.135943, -0.142775, -0.294540, -0.283838, -0.126230, 0.265984, 0.682230, 0.010943, -0.327148, -0.182079, 0.006900, 0.109616]
Neuronio 30: bias=0.169126 | pesos=[0.097298, 0.275591, -0.117933, 0.090910, -0.011882, -0.004385, 0.195001, 0.178436, 0.093253, 0.000627, 0.230978, -0.168744, -0.031147, -0.170686, -0.276020, 0.144755, 0.570886, 0.431250, 0.018857, 0.156486, 0.000636, -0.065900, -0.067726, -0.202995, 0.072083, 0.126172, 0.667460, 0.108114, 0.448254, 0.529018, 0.133671, -0.116424, 0.110196, -0.183385, -0.089631, 0.185043, -0.248765, 0.196031, 0.410662, 0.034476, 0.030490, 0.501806, -0.216117, -0.580769, -0.385079, -0.095542, -0.269387, 0.375617, -0.037330, -0.149188, 0.283605, 0.504228, -0.523071, -0.462937, -1.819297, -1.356917, -0.124215, 0.458839, -0.028050, 0.323456, -0.006005, -0.135079, 0.391121, -0.132128, -1.112248, -0.294746, -1.245239, -0.838593, 0.148853, 0.125968, -0.136199, 0.224274, 0.096367, -0.123990, -0.100625, -0.587254, -0.798408, 0.040444, 0.222559, 0.257480, 0.244589, 0.158506, 0.133568, 0.308706, -0.070448, -0.411877, -0.120998, -0.199155, -0.542425, -0.025318, 0.544267, 0.756059, -0.025846, 0.033577, -0.006109, 0.126305, -0.340157, -0.495537, -0.540596, -0.301362, 0.368299, 0.286024, 0.398247, 0.963842, 0.087234, -0.155696, -0.104491, 0.084393, 0.127325, -0.365598, -0.244933, -0.068832, 0.049062, 0.314503, 0.654081, -0.131166, 0.539743, 0.133418, 0.106151, 0.528950]
Neuronio 31: bias=0.118314 | pesos=[-0.014651, 0.046252, 0.241379, -0.192477, 0.028378, -0.084347, -0.084139, 0.155493, 0.620323, 0.245091, 0.062470, 0.256344, 0.145946, 0.427872, 0.206196, 0.066831, -0.046655, 0.041648, 0.488086, 0.375380, 0.196983, 0.364337, -0.120863, 0.091628, -0.103399, 0.070610, 0.175484, 0.243104, -0.105573, -0.243053, 0.191070, -0.195457, -0.019831, 0.220266, -0.044096, 0.103465, 0.054386, -0.127994, -0.059890, -0.236309, -0.481730, -0.341873, -0.139854, -0.321162, -0.104714, -0.014306, -0.021638, 0.104705, 0.265162, -0.059755, -0.058917, 0.120866, 0.153177, 0.427018, 1.008702, 0.858806, -0.014436, 0.107718, -0.043923, -0.051073, 0.251746, 0.235179, -0.266156, -0.448870, -0.050483, 0.453621, 0.518405, 0.583107, -0.148433, 0.146351, 0.291910, 0.176222, 0.122059, -0.108029, -0.346644, -0.571096, -0.420496, -0.391246, -0.540682, -0.560165, -0.520730, 0.323207, 0.222061, 0.098441, 0.245024, -0.057889, -0.396650, -0.635470, -0.137988, -0.128817, -0.350851, -0.850815, -0.383516, 0.073297, 0.190136, -0.052460, 0.066830, -0.172152, 0.038476, 0.109307, 0.251588, 0.364657, -0.052967, -0.893048, -0.849826, -0.237503, -0.167433, 0.272104, 0.052791, -0.294135, -0.347275, 0.296490, 0.391923, 0.509020, -0.267632, -0.696914, -0.793610, -0.391991, 0.212701, 0.119510]
Neuronio 32: bias=-0.001245 | pesos=[-0.224535, 0.044191, -0.132279, 0.104509, 0.237899, 0.095509, 0.079941, 0.243382, 0.077104, 0.043643, -0.103030, 0.014829, -0.131840, -0.041540, -0.258005, 0.217963, 0.088180, -0.223954, 0.036955, 0.200319, 0.197937, 0.253340, -0.066695, 0.212680, 0.024480, 0.175698, -0.051798, -0.208487, 0.001955, 0.050243, 0.680300, 0.010693, 0.148706, 0.280874, 0.186806, -0.157166, 0.131496, 0.284671, 0.401843, -0.440083, -0.595666, 0.223182, 0.262190, -0.008919, -0.070208, 0.141215, 0.293711, 0.162785, -0.121313, 0.030780, 0.125216, 0.514791, -0.080449, -0.951307, -0.622325, -0.095494, 0.207706, -0.015726, 0.048018, -0.111828, -0.025864, -0.031151, 0.248426, 0.499609, 0.159816, -0.620345, -0.786661, -0.404385, -0.306175, -0.174561, -0.111524, 0.003681, -0.210320, 0.230742, 0.010202, 0.583534, 0.386172, 0.223438, 0.131932, -0.332596, -0.479976, -0.351400, 0.242136, 0.004151, -0.019267, 0.108444, -0.189594, 0.026305, 0.291418, 0.346062, 0.016229, -0.516121, -0.121702, -0.324620, -0.034164, -0.032324, 0.132805, 0.219543, -0.412819, -0.500057, -0.477395, -0.165775, 0.252272, -0.723618, -0.142689, 0.018437, 0.163272, -0.096333, 0.148181, -0.017563, 0.040156, -0.478707, -0.410551, -0.193068, -0.195972, -0.262917, 0.337161, 0.431476, 0.022065, 0.122174]
Neuronio 33: bias=0.067177 | pesos=[-0.214448, -0.018575, -0.048087, 0.079316, 0.001773, -0.152303, -0.203011, -0.295221, -0.088194, 0.194674, 0.021647, -0.138631, -0.202047, -0.121435, -0.462006, -0.108438, -0.006235, 0.324857, 0.089774, -0.244211, -0.014258, 0.215284, -0.102989, -0.088820, 0.120903, -0.048186, -0.031061, -0.365673, -0.370286, 0.322200, 0.214704, -0.616365, -0.371249, -0.159201, -0.078337, 0.148839, -0.018742, -0.231580, -0.020425, -0.536659, -0.637457, -0.069098, -0.008163, 0.507805, 0.032017, -0.505308, -0.172574, 0.059217, -0.250333, -0.031938, 0.229268, -0.046594, -0.470107, -0.934954, -0.310396, 0.298204, 0.601598, -0.244887, -0.186012, 0.014040, -0.133759, -0.284370, 0.383128, 0.489030, -0.222490, -0.925754, -0.280742, 0.705509, 0.209638, -0.515559, -0.093556, 0.169660, 0.138574, 0.158530, 0.248210, 1.080224, 0.457405, 0.053394, 0.357819, 0.162623, 0.012624, -0.611288, 0.286149, 0.149707, 0.085144, 0.005722, 0.084426, 0.555892, 0.539151, 0.359875, 0.028128, 0.211799, 0.101270, -0.073451, -0.133098, 0.104423, -0.135544, 0.131261, -0.226958, -0.120098, 0.066601, 0.213967, 0.247456, -0.122132, 0.045479, 0.185764, 0.162674, 0.213971, 0.088036, -0.161452, -0.429995, -0.313245, 0.062092, 0.131516, -0.139550, 0.217787, 0.099298, -0.023065, 0.045374, 0.135477]
Neuronio 34: bias=-0.099763 | pesos=[-0.114763, -0.250656, -0.264471, -0.456260, -0.226755, 0.158301, 0.224556, -0.046469, -0.203564, -0.349921, -0.013128, -0.094784, 0.159624, 0.199775, -0.804791, -0.216384, -0.275897, -0.023558, -0.077264, 0.064858, -0.195539, -0.176212, 0.133294, 0.167762, 0.210876, 0.325510, -0.063994, -0.294020, -0.058962, -0.312137, 0.231693, -0.344595, -0.337065, 0.016962, 0.254625, 0.199623, 0.042819, 0.298172, 0.037275, -0.067394, -0.129749, 0.133096, -0.288344, 0.122658, -0.131963, 0.193668, 0.127895, -0.005423, 0.155434, 0.479052, 0.583623, -0.310230, -0.455165, -0.639567, -0.172305, -0.087851, -0.287398, -0.083929, 0.156949, 0.000600, 0.041440, 0.740135, 0.479307, 0.317315, -0.284579, -0.652050, -0.755796, -0.068809, 0.062757, 0.278467, 0.252500, 0.003818, -0.152050, 0.587829, 0.389131, 0.377031, 0.246416, -0.249050, 0.142054, -0.299769, -0.037760, 0.170090, -0.028009, -0.159300, -0.165921, 0.276244, -0.098694, 0.487750, 0.493136, 0.150992, -0.042044, -0.295854, -0.136144, 0.086722, -0.033246, -0.234906, -0.053325, -0.135735, -0.312085, 0.042229, 0.340854, 0.857836, 0.653776, -0.125249, -0.392223, -0.053347, -0.151377, -0.010830, -0.038621, -0.281615, -0.454846, -0.282738, 0.135150, 0.104387, 0.556922, 0.158982, -0.327815, 0.045622, -0.186910, -0.035914]
Neuronio 35: bias=0.035888 | pesos=[-0.009503, 0.156048, 0.223944, 0.455313, 0.099863, -0.172726, -0.667135, -0.316282, -0.354230, -0.042297, 0.159084, 0.144840, 0.255747, -0.015560, 0.001551, 0.048456, 0.107135, -0.428969, -0.503840, -0.688902, -0.721859, -0.146461, -0.072555, 0.369468, -0.002470, -0.156110, -0.139436, -0.198224, -0.502469, -0.529675, -0.151132, 0.222283, 0.315149, 0.141176, 0.035925, -0.020484, 0.176592, -0.190165, -0.171207, -0.492366, -0.686614, 0.037772, 0.482829, 0.807116, 0.771885, 0.662226, 0.164406, 0.294200, 0.193393, -0.256953, -0.281178, -0.540703, -0.622462, -0.844318, -0.455181, 0.148623, 0.760028, 0.453909, 0.095101, -0.095953, -0.126668, -0.083487, -0.494994, -0.042739, 0.299898, -0.626522, -0.353068, -0.077595, -0.225900, 0.267355, 0.268331, -0.083039, 0.210457, -0.191252, -0.275784, 0.346287, 0.642167, -0.134432, -0.211940, -0.128951, -0.299053, 0.024819, 0.123053, 0.173263, -0.054840, -0.018666, -0.141556, 0.259469, 0.455378, -0.143406, 0.327295, 0.013330, 0.408307, -0.065652, -0.240993, 0.013421, 0.087840, 0.082190, 0.580448, 0.841188, -0.191178, -0.002678, 0.402068, -0.099702, 0.153174, -0.414588, 0.010289, -0.105323, 0.050662, -0.032549, 0.394512, 0.232336, -0.096708, -0.488301, -0.216983, -0.013079, 0.036675, -0.185359, -0.113030, -0.159764]
Neuronio 36: bias=0.096833 | pesos=[-0.034830, -0.048142, 0.390393, 0.433296, 0.036623, -0.124333, 0.110921, 0.534649, 0.232857, 0.019960, -0.047373, 0.244615, -0.157257, -0.249965, 0.203160, 0.437630, 0.093143, 0.157037, -0.067318, 0.409971, 0.489771, 0.316656, 0.015101, -0.234952, -0.204088, -0.376557, -0.186413, 0.141859, -0.010547, -0.256772, 0.341008, 0.312314, 0.318045, 0.224514, -0.421293, 0.057605, -0.027138, -0.385895, 0.041845, -0.142602, -0.485341, -0.099758, 0.105188, 0.253655, 0.319907, -0.001450, -0.017632, -0.071157, 0.139450, -0.384493, -0.340248, 0.189667, 0.063291, 0.279726, 0.380064, 0.694256, -0.215772, -0.378182, -0.036512, 0.089914, 0.083296, -0.496274, -0.263377, 0.324965, 0.495223, 0.151363, 0.475298, 0.442680, -0.423519, -0.506666, -0.165997, 0.267959, 0.162629, -0.359296, -0.178262, -0.230414, 0.149540, 0.119853, 0.058145, -0.250840, -0.504628, -0.368152, -0.152656, 0.289094, 0.248292, -0.432411, -0.273206, -0.040407, 0.209314, -0.111391, 0.083387, -0.507788, -0.250437, 0.149689, 0.080539, 0.136842, -0.007918, -0.015407, 0.144174, 0.506196, 0.140045, -0.202457, -0.290404, -0.581060, -0.403548, -0.115757, 0.155197, 0.111778, 0.061550, 0.042741, 0.294214, 0.404101, 0.398145, 0.055104, -0.655900, -0.207646, -0.281032, -0.150717, 0.017992, 0.007997]
Neuronio 37: bias=0.031265 | pesos=[0.027155, 0.026308, -0.090371, 0.069442, 0.014496, 0.466569, 0.403214, 0.323428, 0.041594, -0.034308, -0.173200, 0.062808, 0.061850, 0.205584, -0.344804, -0.261615, 0.172237, 0.746988, 0.808676, -0.197921, -0.110655, -0.281488, -0.111612, 0.032163, 0.106910, 0.229244, -0.304315, -0.745113, -0.401380, 0.756583, 0.417222, -0.175260, -0.444778, -0.483746, 0.112735, 0.242004, 0.110422, 0.074256, -0.205543, -0.559461, -0.510831, -0.042843, -0.098673, -0.574181, -0.906963, -0.445784, 0.086794, -0.162601, -0.023286, -0.093449, -0.035197, -0.563926, -0.473732, 0.202564, 0.558000, -0.085574, -0.518555, -0.248140, -0.105104, 0.163128, 0.171526, 0.133775, -0.289068, -0.419415, -0.174943, 0.127601, 1.015084, 0.553948, 0.353145, -0.106393, -0.037340, 0.010208, -0.069158, 0.117605, 0.053845, -0.294476, 0.038745, 0.263677, 0.722094, 0.598574, 0.259761, 0.000979, -0.076949, 0.101297, 0.041799, 0.060809, 0.237465, -0.183005, -0.014556, -0.081975, 0.255355, 0.276899, 0.098446, -0.186915, -0.190478, -0.115671, 0.103811, 0.084898, 0.128570, -0.086804, -0.244429, -0.126803, -0.442316, 0.218170, 0.251583, 0.236079, -0.058401, -0.109246, -0.111723, -0.050684, -0.123199, 0.312569, -0.231425, -0.277658, -0.124504, 0.053139, 0.061294, 0.172667, 0.105381, -0.055036]
Neuronio 38: bias=0.017112 | pesos=[-0.179484, -0.103800, -0.076548, 0.001880, 0.132897, -0.024875, -0.146534, -0.061907, 0.041225, 0.044741, 0.206977, 0.118861, -0.136721, -0.151936, -0.360546, -0.144593, -0.223575, -0.241449, 0.156282, 0.209232, -0.317977, -0.313114, -0.152968, 0.006624, -0.243558, -0.003385, -0.072472, -0.017546, 0.204305, 0.111181, 0.419519, 0.511272, 0.051884, 0.273572, -0.165355, 0.031415, 0.151101, -0.182272, -0.102001, -0.169576, 0.003195, -0.195688, 0.063386, 0.516071, 0.671264, 0.486153, 0.095641, 0.048881, 0.000636, -0.183169, -0.235165, 0.110898, -0.066882, 0.137741, -0.293298, 0.255455, 0.293363, 0.137629, 0.014146, 0.174458, 0.166527, -0.161600, -0.302064, -0.143950, -0.070139, -0.139736, -0.375590, -0.038166, -0.209621, -0.044372, 0.156624, 0.205413, -0.036315, -0.162302, -0.043301, -0.012680, -0.251539, -0.155782, -0.615350, 0.082480, 0.004984, 0.130737, 0.113963, -0.173433, -0.138422, -0.029648, 0.082249, -0.067505, -0.027893, -0.161102, 0.295168, 0.025227, 0.302497, 0.389115, 0.102243, -0.088744, 0.251795, 0.077269, 0.382030, 0.087316, -0.280426, -0.154897, 0.312835, -0.160986, 0.084703, 0.013636, 0.010074, 0.158364, -0.119591, 0.212941, 0.220402, 0.169766, 0.179983, 0.147109, -0.254925, -0.285744, -0.402273, -0.453915, 0.057522, -0.026419]
Neuronio 39: bias=0.121742 | pesos=[0.234854, -0.041662, -0.105537, 0.055305, -0.050369, -0.026630, -0.176775, -0.234963, -0.154898, -0.106546, 0.131931, -0.046171, 0.288783, -0.057800, 0.103947, 0.172686, 0.247664, 0.322946, -0.253378, -0.497007, -0.260310, -0.788303, -0.179688, 0.390288, 0.183790, 0.160884, -0.132319, 0.141637, -0.078262, 0.494889, -0.131902, -0.621686, -0.253295, -0.574143, -0.111731, 0.239422, 0.162330, 0.106364, -0.174283, -0.357317, 0.192954, 0.466838, 0.012635, -1.127943, -1.066151, -0.513590, -0.032194, 0.108742, 0.289286, -0.020051, -0.359917, -0.752090, -0.068847, 0.526202, -0.018719, -0.441370, -0.373775, -0.443022, 0.159995, 0.066271, 0.066309, -0.197277, -0.281673, -0.445535, -0.172275, -0.176459, -0.161617, 0.029942, 0.717724, 0.393813, 0.079109, 0.156818, 0.208824, -0.179755, -0.288649, 0.319039, 0.533760, 0.132421, -0.519889, 0.154222, 0.501382, 0.320032, 0.005543, -0.002016, 0.031234, 0.192446, 0.441540, -0.102505, 0.042763, -0.611445, -0.897754, -0.134117, 0.360983, -0.040317, -0.106391, 0.211984, 0.324689, 0.709964, 0.918201, -0.053241, 0.031702, -0.416656, -0.335265, -0.062506, -0.022432, -0.064323, -0.045568, -0.050746, 0.264906, 0.441827, 0.881522, 0.345521, -0.327027, -0.333792, 0.049265, 0.067036, 0.234204, -0.215037, -0.083847, 0.236274]
Neuronio 40: bias=-0.064724 | pesos=[-0.022528, -0.033722, -0.323932, -0.680012, -0.417632, -0.676443, -0.331964, -0.319476, -0.349594, 0.184489, 0.066758, -0.131910, -0.133985, 0.002333, -0.242425, -0.400685, -0.506837, -0.803817, -0.758225, -0.395881, -0.377280, 0.046915, 0.098123, -0.060495, 0.045315, 0.074482, -0.206413, -0.067238, 0.145421, -0.408207, 0.013956, 0.116624, -0.282429, -0.212562, 0.126386, -0.010532, -0.129121, 0.028550, 0.102368, 0.162180, 0.816380, 0.932997, 0.420227, -0.310454, -0.451400, -0.118809, 0.149442, -0.188536, -0.017632, 0.210212, -0.369184, 0.133384, 1.124619, 1.165580, 0.475980, 0.005361, -0.364368, -0.375853, 0.098722, -0.182107, 0.113510, 0.257244, 0.086596, -0.353508, 0.262589, 0.414529, 0.199704, -0.135068, 0.219719, -0.136814, 0.044357, -0.111459, 0.128549, 0.097457, 0.044193, -0.172430, -0.276444, 0.509094, -0.123505, 0.283689, 0.826297, 0.177653, -0.169147, -0.125379, 0.132278, 0.247573, 0.155947, -0.210358, -0.251906, 0.229389, -0.136960, -0.108028, 0.323454, 0.255416, 0.144938, -0.113112, 0.106021, 0.383887, 0.412549, -0.591419, -0.156786, -0.543430, -0.125130, 0.311893, 0.540855, 0.425472, 0.448550, -0.240808, 0.079667, 0.466266, 0.361176, -0.151593, -0.385260, -0.102335, 0.118682, 0.103458, 0.007181, 0.156993, 0.141511, 0.011089]
Neuronio 41: bias=0.103261 | pesos=[0.321124, 0.280633, 0.515301, 0.427738, -0.016972, -0.081288, -0.546339, -0.078313, -0.203469, 0.028467, 0.250267, -0.158078, -0.094222, 0.042038, 0.801631, 0.606136, 0.122964, -0.343851, -0.534868, -0.224349, 0.187385, 0.381162, 0.091985, -0.082483, -0.211832, -0.199494, 0.011614, 0.050715, -0.401881, -0.389032, -0.605894, -0.099540, 0.165997, 0.433132, -0.260482, -0.166604, -0.194793, -0.396372, -0.153611, -0.005475, -0.202064, -0.017179, 0.157039, 0.640599, 0.307229, -0.141323, 0.157689, 0.199122, 0.100935, -0.472882, -0.401569, -0.150849, -0.062051, -0.586175, -0.128236, 0.355538, 0.179994, -0.185967, -0.079443, -0.028570, -0.100132, -0.610171, -0.188133, 0.253272, 0.674933, -0.421638, -0.596790, -0.439843, -0.295384, -0.260118, 0.199175, -0.014319, 0.108731, -0.474461, -0.343752, 0.496078, 0.553614, -0.458164, -0.773190, -0.752835, -0.406669, -0.487435, -0.072527, 0.050086, 0.164806, -0.430008, -0.388580, -0.099662, 0.341014, 0.086698, 0.095501, -0.345555, 0.117241, -0.052295, -0.062340, 0.099574, 0.242380, 0.254624, 0.294669, 0.129180, 0.722831, 0.938940, 0.724127, -0.118551, -0.527618, -0.328266, 0.161879, 0.068303, -0.037708, 0.286245, 0.357121, 0.018545, 0.508870, 0.642946, 0.787825, 0.175443, 0.145805, 0.253443, 0.153853, 0.085915]
Neuronio 42: bias=-0.095387 | pesos=[-0.169540, -0.201381, 0.090658, 0.175733, -0.192978, 0.032385, 0.091191, -0.190968, -0.138633, 0.079481, 0.254197, -0.078004, 0.247063, 0.393447, 0.336915, 0.593966, 0.217242, 0.025045, 0.087664, -0.180251, -0.511528, -0.093687, 0.019557, 0.134473, 0.014174, -0.083153, 0.098221, 0.126124, 0.001243, 0.273136, 0.107969, 0.110708, -0.317457, 0.055297, 0.073487, 0.099513, -0.016174, 0.025708, -0.028019, -0.269098, 0.343131, 0.431917, 0.522058, 0.102281, 0.425870, 0.328805, 0.276684, 0.145136, -0.184844, -0.141886, -0.428436, -0.535130, -0.006805, 0.272067, 0.274650, 0.324147, 0.459995, 0.058363, 0.159943, -0.083651, -0.083027, -0.130732, -0.775495, -0.654611, -0.161205, 0.119342, 0.237431, 0.400946, 0.278305, 0.058875, 0.001822, 0.070002, -0.089006, -0.083405, -0.188919, -0.151052, -0.167225, 0.291830, -0.033036, -0.104567, 0.446334, 0.110237, 0.112053, 0.034037, -0.039526, 0.141898, -0.053608, -0.316378, 0.203295, -0.029243, 0.153891, -0.247830, 0.059236, 0.014953, 0.191976, -0.125355, 0.391757, 0.433722, 0.340742, -0.269601, -0.432900, -0.702562, -0.364111, -1.029712, -0.484837, 0.081031, -0.037200, 0.002659, -0.100028, 0.429779, 0.281183, 0.095899, -0.257688, -0.445082, -0.567450, -1.142916, -1.017090, -0.413021, 0.017261, 0.076390]
Neuronio 43: bias=-0.026460 | pesos=[-0.132903, -0.139917, 0.066045, 0.331436, -0.163624, -0.585582, -0.678955, -0.224933, 0.197174, 0.398268, -0.055490, -0.295983, -0.376875, -0.189524, 0.043927, 0.085534, -0.201977, -0.581626, -0.357889, 0.406512, 0.326266, 0.133267, -0.313213, -0.115150, -0.189078, -0.453008, 0.171241, 0.219715, 0.061599, -0.385344, -0.189828, 0.334593, 0.101360, 0.026962, -0.284042, 0.021631, -0.413134, -0.274898, -0.138531, 0.071597, -0.046428, -0.175593, -0.147093, -0.213306, 0.027736, -0.241484, -0.254353, 0.060518, -0.173868, -0.407865, -0.072894, 0.196024, 0.166088, 0.645747, 0.068309, -0.076183, 0.050764, -0.184485, -0.157597, -0.001362, -0.124160, -0.066620, -0.045887, 0.403512, 0.273971, 0.447956, 0.048239, 0.618175, 0.594957, -0.057818, -0.063149, -0.023417, -0.174605, -0.177221, -0.095777, 0.138931, 0.261976, 0.248869, -0.265567, 0.740869, 0.702366, -0.064062, 0.156804, -0.117633, -0.003425, -0.267062, 0.164332, 0.104087, -0.489352, 0.204930, 0.316853, 0.869348, 0.618890, 0.325957, -0.231040, 0.037689, -0.010672, 0.126401, 0.361036, 0.114002, -0.213407, -0.040571, 0.097286, 0.616702, 0.169760, -0.019594, 0.194140, 0.133064, 0.155202, 0.173125, 0.153836, -0.050500, -0.440511, -0.366312, -0.021524, 0.679930, 0.415219, -0.143847, 0.013930, 0.086343]
Neuronio 44: bias=-0.005870 | pesos=[0.003982, -0.020181, -0.090804, 0.151334, 0.078861, 0.009976, 0.052159, 0.444076, -0.042985, -0.229457, 0.191839, -0.057510, -0.213498, -0.021511, 0.123778, 0.146079, 0.107804, 0.538864, 0.027275, -0.287312, -0.460146, -0.337619, -0.320977, 0.045489, 0.103755, -0.157411, 0.042637, -0.068888, -0.058281, 0.274479, 0.202569, -0.443616, -0.509598, -0.316667, -0.077530, -0.188996, 0.080837, -0.080820, 0.109954, -0.242346, 0.094072, -0.171577, -0.603768, -0.290167, -0.555564, -0.431418, -0.348123, 0.165988, -0.188267, 0.087244, -0.125184, 0.212827, 0.577057, 0.199325, 0.580465, 0.270998, -0.179093, -0.480178, -0.235875, -0.114121, -0.046844, -0.219615, -0.165278, 0.138109, 0.586101, -0.094916, 0.848579, 0.988090, 0.170594, -0.348629, -0.081350, 0.048472, 0.033179, -0.000291, -0.037741, 0.239078, 0.423127, -0.258034, 0.555038, 0.467950, 0.068551, -0.094690, 0.157427, 0.116255, 0.036811, 0.156420, 0.144666, -0.009665, -0.144134, -0.043207, 0.027070, -0.096449, 0.269085, 0.132397, -0.041973, -0.117805, -0.030368, 0.043993, 0.702331, 0.533255, -0.779593, -0.624537, -0.043480, -0.174261, 0.126726, -0.104849, 0.166862, 0.054705, -0.044730, 0.035296, 0.384701, 0.084646, -0.324098, -0.498925, -0.628034, 0.338025, 0.272020, 0.258543, -0.042317, -0.329471]
Neuronio 45: bias=-0.046440 | pesos=[-0.230375, 0.106975, -0.066391, -0.179979, -0.282271, -0.067780, -0.105770, 0.388784, 0.196437, -0.296858, -0.030991, -0.039264, 0.119437, -0.022044, 0.113338, -0.000457, -0.078372, -0.065951, 0.007053, 0.160569, -0.054703, 0.027906, 0.058895, 0.028544, -0.216994, -0.055947, -0.186893, 0.248510, 0.320823, -0.053839, 0.075950, 0.295394, -0.231020, 0.084077, 0.082234, -0.121099, 0.091756, 0.051126, -0.054195, 0.176573, 0.158949, -0.032361, -0.358565, 0.354541, 0.256052, 0.633232, 0.245711, -0.153417, -0.023112, 0.073845, 0.040573, -0.004972, 0.060298, 1.039942, 0.212613, 0.293919, -0.160221, 0.166849, 0.079245, -0.114210, -0.129341, 0.012685, 0.335910, 0.038591, 0.110211, 0.566835, 0.122003, 0.155295, -0.529230, 0.221059, 0.132573, -0.175959, 0.034204, 0.148191, -0.189883, -0.479629, -0.355258, -0.322153, 0.146361, 0.108831, -0.282084, 0.203989, -0.127074, -0.104449, 0.043968, -0.350061, -0.142671, -0.069369, -0.122374, 0.165834, 0.709687, 0.299007, -0.002447, 0.177828, -0.173283, -0.188922, -0.401656, -0.572985, -0.405214, -0.300032, -0.282513, 0.184766, 0.500048, 0.184003, -0.159708, -0.127892, -0.134729, -0.159576, 0.133815, -0.282911, -0.356708, 0.064922, -0.154712, -0.014874, 0.286013, 0.396341, 0.135502, -0.135653, -0.139695, 0.020224]
Neuronio 46: bias=0.180011 | pesos=[0.149830, 0.147919, 0.034107, 0.501667, 0.312028, -0.006143, -0.213403, -0.094132, 0.031044, 0.192147, -0.401456, -0.265992, -0.376023, -0.136589, 0.231499, 0.390081, 0.220972, 0.136509, -0.400056, 0.214802, 0.279182, 0.135346, -0.314238, -0.009266, 0.096393, -0.118054, -0.233396, 0.056954, 0.417507, 0.217915, -0.177856, -0.117654, 0.184896, 0.066467, -0.188164, 0.046836, 0.043868, -0.234048, -0.082415, -0.311543, 0.070801, -0.094040, -0.034734, 0.057428, 0.156733, -0.375933, -0.319606, 0.039039, 0.024729, -0.372431, -0.077847, -0.127992, 0.305206, -0.031140, 0.560944, 0.349262, -0.241524, -0.550177, -0.290678, 0.103177, -0.001431, -0.481326, -0.227441, 0.637373, 0.809144, 0.261203, 0.055817, 0.185683, -0.465948, -0.640149, -0.130886, 0.017328, -0.053988, -0.516205, -0.008855, 1.111462, 1.151429, 0.160606, -0.153523, -0.524139, -0.783725, -0.665781, 0.079344, 0.070365, 0.039972, 0.037481, -0.278172, 0.387952, 0.267066, 0.097219, -0.608727, -0.727402, -0.255576, -0.335638, 0.221182, 0.337527, 0.074855, 0.234761, -0.037029, -0.796086, -0.108944, -0.287404, -0.066324, -0.165131, 0.279571, 0.013848, 0.092429, 0.014592, 0.240344, 0.273733, 0.353456, -0.305408, -0.281988, -0.043672, 0.216457, 0.513241, 0.613812, 0.057403, 0.243708, 0.260990]
Neuronio 47: bias=0.145679 | pesos=[0.093395, 0.025685, 0.198370, -0.084133, -0.222586, -0.200682, -0.386671, 0.011321, 0.224807, -0.057777, 0.256421, 0.094674, 0.175241, 0.259727, -0.195050, -0.481848, 0.054805, -0.227062, 0.039083, 0.089415, 0.067612, 0.177925, 0.014607, 0.114129, 0.017835, -0.094588, 0.199411, -0.119327, -0.183273, -0.132139, 0.212625, 0.295199, 0.053274, 0.118161, -0.046845, 0.207619, 0.177311, -0.257735, 0.032624, 0.085175, -0.527434, -0.314614, 0.073958, 0.302787, 0.089013, -0.051528, -0.219929, 0.151829, 0.083256, -0.095257, -0.110862, 0.491384, 0.049818, 0.126156, 0.235166, 0.161467, -0.164754, 0.028473, 0.093807, 0.403415, 0.202927, -0.090453, 0.125810, 0.471932, -0.083865, -0.384627, -0.400672, -0.416376, -0.416819, -0.068993, 0.142032, 0.288825, 0.152916, -0.089908, 0.020015, -0.166452, -0.618510, -0.326523, -0.347771, -0.022385, -0.160065, -0.172940, -0.082372, 0.006353, 0.302257, -0.334991, -0.298616, -0.091843, -0.210751, 0.018459, 0.286561, -0.045624, -0.031795, -0.072644, 0.018233, 0.223290, 0.106951, -0.459399, 0.150835, 0.681505, 0.145606, 0.278506, 0.134130, 0.461854, 0.058226, -0.205670, 0.108836, -0.010576, -0.009891, -0.316625, -0.174801, 0.293959, 0.472541, 0.327390, -0.294158, -0.360947, -0.414123, -0.354662, 0.105983, 0.106857]
Neuronio 48: bias=0.154501 | pesos=[0.302751, 0.091678, -0.134603, -0.331257, -0.415551, -0.554264, -0.679257, -0.389296, 0.413840, 0.437229, -0.006938, 0.105156, 0.207182, 0.103846, -0.202447, -0.247432, -0.157345, -0.901690, -0.601444, -0.130036, 0.407065, 0.409485, -0.051708, 0.285663, 0.283564, 0.030057, -0.083278, 0.113549, -0.403928, -0.475244, -0.358767, 0.147727, 0.251938, 0.105740, 0.020196, 0.229820, 0.231506, -0.087991, 0.188929, 0.119300, 0.135421, 0.671089, 0.316442, -0.694489, -0.251722, -0.354228, -0.232237, 0.226559, 0.306676, 0.010959, 0.034324, -0.022499, 0.337915, 0.683316, -0.057276, -0.809297, -0.669224, -0.400808, -0.070044, 0.116328, 0.287960, 0.166706, 0.023772, -0.083919, -0.020522, 0.841582, -0.520149, -1.062948, -0.450559, -0.438116, 0.074812, 0.212128, 0.059765, -0.042476, -0.240060, -0.246356, -0.152124, 0.195807, -0.704791, -0.267269, -0.745633, -0.575505, -0.027099, 0.128200, 0.282493, -0.023560, 0.094181, -0.079853, 0.015397, 0.140487, -0.424051, -0.052119, -0.039316, -0.251846, -0.101549, 0.038142, -0.035630, -0.044902, 0.087641, 0.461095, 0.557264, 0.131078, 0.788334, 0.493300, 0.609823, 0.046561, 0.343566, 0.008046, 0.160313, 0.189781, -0.429289, -0.286247, 0.001966, 0.393113, 0.857064, 0.610284, 0.152107, 0.019067, 0.130506, 0.146157]
Neuronio 49: bias=0.148031 | pesos=[-0.087967, 0.333210, 0.228533, 0.265075, 0.255084, 0.294138, 0.199744, 0.483779, 0.280937, 0.015989, 0.054066, -0.077353, -0.095993, -0.036190, 0.097558, -0.187589, -0.120456, 0.122442, 0.155015, 0.113201, 0.221832, -0.071880, -0.091953, -0.098713, 0.154391, -0.034281, -0.328068, -0.281041, -0.401473, 0.134255, 0.342195, -0.000396, 0.128741, 0.132067, -0.340217, -0.061784, -0.169759, -0.169659, -0.031131, -0.635187, -0.820743, -0.077944, 0.203667, 0.074556, -0.141862, -0.096686, -0.166176, 0.043406, 0.192865, -0.378947, 0.108753, 0.085934, -0.239437, -0.335167, 0.441077, 0.266169, -0.015096, -0.302033, -0.246138, 0.004941, 0.041338, -0.205168, 0.051984, 0.523212, 0.261748, -0.032913, 0.073259, 0.073943, -0.242660, -0.545194, -0.147385, 0.304770, 0.080877, 0.025059, 0.328468, 0.414362, 0.388840, 0.124880, -0.408825, -0.678341, -0.780886, -0.864124, -0.078383, -0.001795, 0.195760, -0.108263, -0.097762, 0.078159, 0.192422, -0.012070, -0.415808, -0.169818, -0.519522, -0.398027, 0.171425, 0.033217, 0.054879, 0.266811, 0.352104, -0.073864, 0.149186, -0.088625, -0.036974, -0.262175, -0.024303, -0.238917, 0.250292, 0.138118, 0.071020, 0.160738, 0.382301, -0.107466, 0.059132, -0.241222, -0.099952, 0.289426, 0.375733, 0.194559, -0.068338, 0.255395]
Neuronio 50: bias=0.132032 | pesos=[0.111519, 0.252127, 0.350803, 0.222179, 0.092825, -0.078916, 0.035244, 0.357678, 0.094617, -0.044144, 0.088470, 0.153698, -0.177059, -0.302571, 0.296748, 0.073525, 0.149436, 0.120732, 0.280387, 0.184759, 0.296964, -0.121164, -0.331555, -0.059341, -0.009426, -0.436072, 0.193180, 0.121680, -0.160131, 0.382009, 0.554885, 0.184301, 0.367332, -0.193664, -0.439918, 0.051656, -0.136257, -0.309425, -0.036605, -0.274467, -0.372664, 0.208031, 0.597799, -0.139961, -0.041357, 0.001906, -0.410641, 0.164291, -0.097481, -0.508918, -0.498321, 0.007754, -0.494443, 0.082465, -0.069399, 0.059840, 0.231725, 0.289001, -0.310144, -0.001773, -0.063366, -0.374879, -0.292161, 0.218037, 0.028626, 0.304927, 0.081027, -0.408021, -0.041671, 0.043123, -0.009496, 0.084536, 0.106509, -0.558367, -0.073470, 0.294848, 0.027382, -0.038159, -0.370188, -0.181589, -0.629625, -0.123917, -0.162435, 0.138486, -0.063397, -0.044827, 0.195541, -0.076858, -0.269717, -0.243037, 0.141646, 0.261068, -0.303179, -0.427606, -0.063656, 0.329580, 0.139826, 0.234930, 0.652680, 0.485642, -0.251079, -0.557717, -0.309805, 0.031888, 0.147697, 0.071988, 0.429933, 0.268335, 0.031866, 0.499804, 0.541965, 0.252964, -0.237127, -0.361389, -0.459798, -0.252951, 0.375723, -0.103126, -0.005738, 0.098384]
Neuronio 51: bias=0.054694 | pesos=[0.148613, 0.013577, 0.189135, 0.189926, 0.189292, -0.065738, 0.047304, 0.132695, 0.059474, 0.199272, -0.123511, 0.079791, 0.189858, 0.062905, 0.059554, 0.139800, -0.053132, -0.006602, 0.186676, 0.210337, 0.095802, 0.064821, 0.136945, 0.136694, 0.131701, -0.081593, -0.065506, 0.212964, 0.165959, 0.151185, 0.179481, -0.143736, 0.138614, 0.116395, 0.145372, 0.188108, -0.130951, -0.004942, 0.216745, -0.111609, 0.117744, 0.056925, 0.036191, -0.124122, 0.037686, 0.079302, 0.117172, 0.021598, 0.121763, 0.014927, -0.133939, 0.142149, 0.010118, -0.031857, 0.152457, 0.120803, 0.190477, -0.010475, 0.146216, 0.076240, -0.083459, -0.128892, 0.204116, 0.169965, -0.189157, 0.066161, 0.166718, 0.109172, -0.099500, 0.175336, 0.108828, 0.138172, 0.094126, 0.069257, 0.130313, -0.173256, 0.161310, 0.090067, 0.057188, 0.166593, -0.065886, -0.158695, 0.179347, -0.062289, 0.171001, 0.083544, 0.130654, 0.094942, -0.073437, 0.221460, -0.062802, -0.107575, 0.093984, -0.039587, 0.187053, 0.222289, 0.185744, -0.086204, 0.029623, 0.045534, -0.037514, -0.097608, -0.046501, 0.075208, -0.164584, 0.222700, 0.205760, 0.033341, 0.094359, -0.115032, -0.035260, 0.106787, -0.110307, 0.085976, 0.182971, -0.000569, 0.116843, 0.127733, -0.024347, 0.049572]
Neuronio 52: bias=0.102479 | pesos=[-0.035691, -0.066300, -0.279371, -0.166839, 0.392573, 0.393793, 0.276150, 0.023337, 0.112857, -0.075543, 0.066044, 0.194338, 0.160921, -0.031948, -0.594717, -0.465928, -0.287735, 1.194735, 1.051435, -0.110102, 0.074594, -0.252799, -0.046263, 0.064064, 0.376502, 0.096238, -0.174608, -0.351665, 0.457584, 0.975967, 0.276263, -0.397709, -0.388525, -0.097786, -0.153893, 0.116121, 0.139966, -0.033122, 0.012714, -0.560406, 0.310003, 0.462193, -0.138858, -0.372683, -0.194257, -0.143685, 0.002192, 0.275532, 0.082902, 0.090505, 0.010486, -0.163708, -0.591550, -0.201406, 0.138598, 0.207430, -0.040540, -0.306920, 0.022369, -0.018347, 0.153159, 0.093590, 0.085332, 0.060412, -0.305281, -0.653929, 0.104288, 0.570656, 0.102727, -0.211567, 0.053017, 0.132482, 0.186305, 0.230656, 0.394980, 0.502150, -0.133941, -0.368059, -0.271308, -0.076302, -0.004050, 0.054238, 0.141688, 0.193083, -0.073491, -0.035432, 0.449380, -0.011452, 0.124854, -0.300055, -0.473826, -0.318850, -0.128077, 0.171300, -0.144453, 0.249735, 0.042964, -0.096952, -0.135357, 0.221844, 0.215812, -0.059238, -0.435016, -0.385263, -0.456937, -0.015964, -0.278343, 0.183710, 0.170530, -0.225015, -0.236420, 0.026096, 0.659011, 0.062002, -0.240676, -0.559374, -1.186084, -0.348376, -0.165507, 0.272654]
Neuronio 53: bias=-0.007523 | pesos=[-0.160464, 0.120078, -0.339058, -0.149451, -0.053585, -0.539891, -0.613278, -0.253659, 0.283131, 0.115860, -0.309454, -0.136662, -0.191826, 0.141242, -0.555876, -0.325303, -0.112260, -0.374533, -0.532793, 0.434971, 0.032224, -0.442712, 0.224616, -0.025376, -0.145710, -0.070850, -0.365029, -0.273332, 0.101245, -0.775842, -0.085553, 0.416672, 0.093220, -0.081368, 0.226389, 0.138840, -0.171075, -0.006854, 0.215138, 0.374410, -0.469100, -0.647023, -0.321875, 0.016850, 0.173147, 0.038309, 0.031105, -0.029856, 0.205080, 0.351741, 0.282144, 0.438072, 0.824117, 0.387540, 0.932891, 0.536537, -0.206098, -0.308956, -0.070924, -0.178742, 0.166268, 0.720876, 0.495520, 0.373690, 0.949897, 0.253299, 0.093488, 0.579958, 0.121651, 0.450966, 0.012618, -0.174540, 0.069325, 0.484119, 0.297799, -0.185054, 0.194209, 0.262281, -0.724145, -0.104655, 0.107106, -0.058010, 0.161099, -0.321122, 0.058125, 0.334823, 0.289620, 0.013791, 0.011574, -0.500049, -1.255772, -0.657703, -0.047524, 0.478514, -0.097123, 0.140656, 0.185930, -0.026519, -0.586218, 0.125547, 0.177725, 0.010784, -0.494341, -0.221551, -0.226959, 0.183347, 0.369687, -0.187675, -0.020532, -0.016212, -0.393532, 0.260603, 0.107564, 0.191605, -0.339366, 0.355181, -0.198900, 0.068806, 0.146547, 0.013271]
Neuronio 54: bias=-0.038205 | pesos=[0.178858, 0.102001, -0.242226, -0.274221, -0.736763, -0.901583, -0.518726, -0.538125, -0.136841, 0.165392, 0.146247, 0.199183, 0.176747, 0.332984, 0.069771, 0.101086, -0.215961, -0.432642, -0.508308, -0.300254, 0.321670, 0.134295, 0.402431, 0.384429, 0.152842, 0.241037, 0.179444, 0.090959, -0.227992, -0.195609, -0.703522, -0.018477, 0.198928, 0.062008, 0.591301, 0.075675, 0.126872, 0.270634, -0.100567, 0.038898, -0.078413, 0.030723, -0.468132, -0.415533, 0.100375, 0.004460, 0.376728, 0.056575, 0.258288, 0.342987, 0.300498, -0.079433, -0.184446, 0.057321, 0.097682, -0.183182, 0.108671, 0.140140, 0.343948, -0.199865, -0.146793, 0.394260, 0.252908, -0.139299, -0.209961, -0.443868, -0.236362, -0.078000, 0.968549, 0.562681, 0.006253, 0.058776, -0.003956, 0.475232, 0.085364, -0.128330, -0.500204, -0.156830, -0.045260, 0.340715, 0.818052, 0.319966, 0.032921, -0.177167, -0.111201, 0.232064, 0.361107, -0.148056, -0.132527, -0.348762, -0.296357, 0.218249, 0.368691, 0.086379, 0.121875, -0.119990, 0.045679, -0.013345, -0.470337, -0.055790, 0.085939, -0.383035, -0.111481, 0.118762, 0.178308, 0.310255, 0.172334, -0.163422, -0.014599, -0.088128, -0.661961, -0.033130, -0.259726, -0.675930, -0.409110, 0.146166, 0.298999, 0.254427, -0.143293, 0.125751]
Neuronio 55: bias=0.177641 | pesos=[0.160642, 0.066389, 0.354568, 0.250912, 0.201631, -0.148615, -0.276572, -0.132192, 0.158561, -0.057119, 0.017682, -0.059194, 0.065062, 0.077293, 0.369695, 0.236795, 0.308677, 0.025543, 0.045142, 0.038506, 0.232859, -0.123726, 0.209539, -0.183100, -0.143332, 0.149330, 0.358969, 0.362083, 0.608520, 0.155461, -0.304597, -0.000247, 0.106895, 0.020382, 0.207645, 0.028217, 0.197687, -0.311215, -0.092249, 0.375453, 0.436953, -0.466405, -0.955881, -0.063569, 0.147899, 0.182393, -0.135072, 0.314346, 0.243504, -0.094736, 0.345976, 0.144266, 0.068965, -0.065402, -0.195169, 0.321302, 0.453812, 0.152183, -0.097858, 0.172066, -0.059175, -0.265904, 0.332704, 0.301575, -0.027508, -0.274849, -0.119851, 0.137628, 0.435566, 0.331695, -0.089084, 0.079906, 0.113975, -0.211418, 0.137364, -0.198638, -0.317437, -0.125785, -0.231346, -0.173167, 0.004909, 0.074329, 0.252253, 0.027455, 0.132351, -0.247960, -0.094233, -0.068077, -0.102756, -0.511209, -0.626432, -0.188067, -0.135761, 0.012186, 0.004961, 0.257624, 0.209546, -0.110308, -0.267172, 0.037601, 0.222572, -0.520257, -0.730386, -0.222034, -0.223449, -0.103420, -0.006724, 0.088801, -0.088960, -0.103045, -0.050342, 0.042144, 0.290617, -0.051847, -0.961668, -0.582434, -0.562590, -0.196286, -0.018968, 0.089704]

--- Camada 2 (saida, 26 neuronios) ---
Neuronio 1: bias=-0.291315 | pesos=[-0.326921, -0.129612, -0.262079, -0.944955, -0.088363, 0.057946, -0.119629, -0.280225, -1.071536, -1.253798, 0.225284, -0.634063, -0.300129, 0.958990, 1.031412, -0.168355, 0.636797, -0.616043, -0.646772, -0.855992, -0.459283, 0.676623, -0.292696, -0.461989, 0.492233, 0.510925, 0.334334, -0.589534, -1.144150, 0.054736, 0.884629, -0.005776, -1.662379, 0.710179, 0.198988, 0.363983, -1.198743, -0.405943, -1.048309, -1.576166, 0.270261, -0.867615, -0.590023, -0.853053, 0.626304, -1.322017, 0.505506, 0.258765, -0.702954, -0.850031, -0.320695, -1.089779, 0.061942, 0.472661, 0.720900]
Neuronio 2: bias=-0.317546 | pesos=[-0.965363, -0.178846, 0.943699, 1.628722, -0.960398, -0.764136, -0.255470, -0.038650, -0.211745, -0.283394, -0.015592, 0.946668, -0.680483, 0.327988, -0.558074, 0.784008, -0.461069, 0.800808, -0.507223, -1.581688, -0.993515, -0.643570, -0.326127, -0.322841, 0.100370, -0.407841, -0.268511, -0.824719, -1.510625, 1.282310, -0.029968, 1.106017, -0.487367, 0.079953, -0.031730, -1.130863, 0.312138, -0.895761, 0.436732, 0.097228, -0.785233, 0.265134, -1.308011, -0.621823, -1.294141, -1.178604, -0.563411, 0.996237, -0.311985, 0.681326, -0.200466, -0.536270, -1.017283, 1.113965, -0.448776]
Neuronio 3: bias=-0.347073 | pesos=[-0.270079, -0.027313, -0.942811, -0.571283, -0.521745, 0.138274, -0.302525, 0.197409, 0.580269, 0.543220, 0.743193, -0.075320, 0.072243, 0.181725, -0.266872, -1.541314, -0.844436, -1.255410, -1.080339, -0.141388, -1.223422, 0.077356, -0.536191, -0.039072, 0.192979, -0.925391, -0.684716, 0.050851, -0.608653, -1.417931, 0.684430, -1.200359, -0.993093, -0.680630, 0.992204, 0.193057, 0.693194, -0.452155, 0.407447, 0.347843, -0.503363, 1.041474, 1.145944, 0.481172, 0.317179, -0.620673, -0.613477, -1.176674, -1.108256, 0.007567, -0.534320, -1.382290, 0.576040, 0.724032, -0.289014]
Neuronio 4: bias=-0.374275 | pesos=[-1.911218, -0.366352, -0.033046, 0.690212, -0.790495, -0.763791, 0.514142, 0.560279, -0.774384, 0.580346, -0.181830, -0.146095, -0.409082, 1.049090, 0.504222, -0.233075, 0.129639, 0.520150, 0.873746, -0.926631, -0.396380, -0.307766, -0.219651, -0.114249, 0.149289, 0.378029, -0.820243, -0.416755, -0.717677, -1.811056, 0.284886, -0.459919, 0.128768, -0.429698, -1.278384, 0.025709, 0.516924, -0.872880, -1.039370, 0.406311, -1.663234, -0.670597, -0.314147, 0.040858, 0.417825, 0.972723, -0.803830, 1.250362, -0.177665, -1.137383, -0.327087, -0.539928, 1.407580, 0.430430, -0.868672]
Neuronio 5: bias=-0.333032 | pesos=[-0.652329, -0.297592, -0.563049, 0.807817, -0.952125, -0.613723, 0.151419, -0.727935, 0.549949, -0.160560, 0.421668, -0.648937, -0.463925, -0.258823, 0.606453, 0.304617, -0.626798, 0.190211, -1.270162, 0.465970, -1.374018, -0.497687, -0.482962, 0.627447, 0.664809, -0.990542, 0.183383, 0.412202, 0.940246, 1.155018, -1.403081, 0.252245, -0.473224, -0.454681, 0.926985, -0.846507, -0.128520, 0.346618, -0.429991, 0.174054, -1.455079, 1.312012, -0.173706, -1.269716, -0.838326, -1.007254, -0.377978, -0.599284, -1.214201, -0.459157, -0.386848, -0.844484, -1.049542, 0.448765, -0.102322]
Neuronio 6: bias=-0.412494 | pesos=[-0.452038, 0.003222, -0.212692, -1.769008, -0.906052, 0.581614, 0.026994, -1.161149, 0.519433, 0.216856, -0.226755, 0.208842, -0.059186, -0.123869, 0.993661, -0.316700, 0.033699, -1.357353, -0.373554, 1.296637, -0.094885, -0.357192, -0.409281, -0.181113, 0.164031, -0.439960, -0.571321, 0.330578, 0.725933, 0.764296, -1.163865, -0.446563, 0.090105, -0.270582, 1.104403, -0.614141, -0.585211, 0.395034, -1.652890, -0.352161, 0.468390, -0.658854, 0.535729, -1.019611, 0.028747, -0.562461, -0.035187, 0.709022, -0.387479, -0.106512, -0.542799, -1.157022, -1.036142, 0.063629, -1.324412]
Neuronio 7: bias=-0.386244 | pesos=[-0.205816, -0.269679, -0.984321, 0.320220, -0.258805, -0.465073, -0.819388, -1.062964, 1.214437, -0.068601, 0.688590, 0.130898, -0.518054, -1.077235, -0.102832, -0.691024, 0.415897, 0.077389, -0.670588, -0.783349, -0.946396, -0.538421, -0.563028, -0.486873, 0.865374, -0.554601, 0.383274, -0.543051, -1.219183, -0.701746, 0.294526, 0.371074, -0.993799, -1.069162, 0.867503, 0.446160, -1.696366, 0.584518, -0.962611, 0.301046, 0.968265, 0.886878, -0.750436, -0.758932, 0.721267, 0.172763, 0.259028, 0.926395, 0.134387, 0.616987, -0.614529, -0.790070, -0.625921, -0.885172, -0.543915]
Neuronio 8: bias=-0.298772 | pesos=[0.144562, 0.143302, -1.056724, 0.933324, -0.809805, -0.471376, 0.513233, -0.850259, 0.842986, -0.041932, -0.336578, -0.347103, -0.166896, 0.502345, 0.305257, 0.269848, 0.283071, 0.086314, 0.136308, -0.979607, 0.874694, -0.814428, -0.092991, -0.966648, -0.972607, 0.504552, -0.070186, -0.923160, -0.018089, 1.176946, -0.401700, -0.389378, -0.596001, 0.820307, -0.834745, 0.016500, 0.438774, -0.347664, -1.004046, -0.646878, -0.094113, -0.391813, -1.152031, -1.106276, 0.652305, -0.787305, -0.296589, 0.394704, -0.520179, -0.417956, -0.331879, 1.026840, -1.742263, -2.110222, -1.064265]
Neuronio 9: bias=-0.238744 | pesos=[0.153507, -0.272600, 0.022004, 0.200477, 0.154998, -1.032985, -0.521304, 0.875562, -1.728840, -0.030794, -0.461257, -0.399103, -0.013938, -0.633865, -0.667875, 0.283793, -0.447591, 0.722283, -0.779839, 0.317419, -0.175531, -0.910464, -0.318323, 0.034846, 0.403835, -0.732661, 0.038668, -0.647945, -0.399128, -1.232200, -0.882297, -0.222647, -0.108198, -1.096016, 1.055282, 0.619541, -1.382690, 0.069923, -0.292338, -1.023681, 0.707138, -0.557397, 0.607256, 1.160063, -0.063507, -0.094006, -0.208971, -1.596088, -0.302673, 0.026994, -0.171690, -0.906541, 0.271707, 0.153561, 1.053962]
Neuronio 10: bias=-0.356025 | pesos=[-0.177661, 0.231822, -0.566814, -0.485161, 0.207590, 1.232461, -0.358742, -0.208875, -1.423689, -0.194755, 0.251653, -0.098796, -0.291976, -1.221899, -0.105659, -0.407159, 0.717824, 0.760793, -0.079673, -0.256544, 0.040391, -0.956674, -0.532209, -1.517502, 0.729425, -0.531371, -0.429898, -0.421388, 0.096245, 0.302244, -1.581046, 0.147415, -0.692422, -0.221871, -0.799207, -1.287111, -1.535934, -0.711271, 0.548104, 0.073395, 0.393189, -0.883331, 0.912625, -0.580841, 0.031436, 1.186549, -0.779898, 0.367236, -0.856800, -0.733819, -0.207645, -0.946831, 1.130622, 0.155004, 0.552452]
Neuronio 11: bias=-0.268160 | pesos=[-0.530491, -0.207132, -0.944973, -1.169981, -0.848037, -0.102119, 0.516386, -0.990849, 1.147632, 0.524215, 0.145072, -0.461811, -0.392663, -0.188503, 0.067454, -0.917547, -0.428160, -0.033851, -0.104064, 1.045160, -0.097020, 1.121030, -0.059741, -1.036477, 0.145979, -0.255791, 0.396609, -0.918272, 0.955253, -0.884802, 0.833941, -0.883562, -0.147259, -0.153385, 0.061771, -0.612949, 0.479169, -0.252811, 0.646839, -1.862138, 0.228305, 1.231124, -0.957920, -0.762820, -0.490648, -0.302227, -0.880187, -1.873585, -0.839581, -0.702127, -0.089560, 1.061073, -1.398013, 0.147333, 0.610236]
Neuronio 12: bias=-0.172850 | pesos=[-0.844912, 0.123604, -0.579887, 0.417231, -0.805507, 0.390828, -0.515044, -1.202130, -0.831477, -0.707307, 0.769259, -1.377169, 0.005317, -0.530947, -0.818669, 0.891727, 0.369257, -0.669310, -0.608459, 0.691727, -0.807222, -0.930033, -0.174792, 0.744100, -0.659999, -0.892263, 0.777256, -0.108792, 1.190562, -1.002034, 0.686096, -0.321234, -0.457492, -1.063333, -1.500317, 0.587153, 0.490951, 0.049974, -1.353710, -0.444493, -1.196803, 0.232029, 0.955387, -0.523819, 0.504315, -0.629946, 0.029864, -1.539544, 0.081669, 0.508310, -0.065014, 0.207886, -0.247217, -0.205389, -0.005684]
Neuronio 13: bias=-0.393746 | pesos=[0.195715, -1.018286, 0.428334, -1.342330, -0.112311, -0.596030, -0.009110, 1.026928, 0.492420, 0.054768, -1.847408, 0.268068, -0.267098, 0.018882, -0.177227, -0.437019, -1.033313, 0.238932, 0.526759, -0.259952, -0.188880, -0.576645, -0.521755, -1.010618, -0.588411, 0.965987, -0.801889, 0.639660, -0.850211, 1.100833, -0.522263, -0.974960, -0.108786, -0.994115, 0.215762, 0.317405, 0.533814, -0.826257, 1.240204, -1.036103, -0.030039, -1.356127, -0.024535, 0.291921, -0.365270, 0.453498, 0.121988, 0.187370, 0.831241, 1.055412, -0.618442, 0.811000, -1.411130, -0.972529, -0.099656]
Neuronio 14: bias=-0.482887 | pesos=[0.469358, -1.106131, -0.619852, 0.524349, -0.200865, -1.011768, -0.093914, -1.147051, 0.182981, -0.969644, -0.820996, -0.438878, -0.724476, 0.070220, -0.900244, 0.467683, -0.412154, -1.187980, 0.498403, 0.443172, 1.045117, -0.043993, -0.360985, -0.495466, -0.160400, 0.921557, -0.682189, -0.447522, -0.432165, -1.597373, 0.367072, 1.085737, 0.214032, 0.325344, 0.408079, 0.409655, 0.277622, -0.353363, -0.563488, -0.991410, 0.861142, -0.128667, -0.928504, -0.342253, -0.823310, 0.334761, 0.135171, 0.008487, 1.249333, -0.441272, -0.721065, 0.050202, 0.641438, -1.138308, -0.825140]
Neuronio 15: bias=-0.499167 | pesos=[0.775122, 0.287822, -0.006096, 0.284719, 0.256941, -0.248131, -0.498789, 1.183047, 0.119996, 0.802728, 0.140572, 1.188456, -0.569553, -0.528845, -0.507251, -1.016992, -0.809188, -0.265097, -0.935787, -1.129310, -0.524570, -0.404003, -0.456473, -0.820888, -0.717297, 0.245511, -1.437948, -0.024148, -0.083042, -0.549715, -0.598972, -0.125243, 0.050285, -1.094506, -0.648009, 0.646986, 0.423291, -1.187274, 0.150587, 0.303732, 1.096577, 0.297039, 0.047902, 0.858329, -0.846601, 1.004117, -0.826508, -0.069947, 0.749972, 0.135356, -0.732496, -1.238107, -0.879420, -0.559077, -0.819664]
Neuronio 16: bias=-0.441565 | pesos=[-0.201810, 0.364954, 1.379776, -1.441817, -0.073557, -0.423862, -0.007328, 1.550623, -0.928939, -0.002754, -0.509820, 0.177873, -0.615777, 0.881455, 0.607162, -1.345680, -0.346365, -0.509691, 0.124668, -0.497714, 0.917920, -0.533489, -0.595785, -0.757907, -1.096319, -0.427551, -1.294609, 0.308363, 0.054694, 0.712040, -0.516339, -0.713373, -0.209301, 0.045543, -1.131525, -0.650984, 0.632970, -0.618447, 0.224482, 1.088112, -0.153061, -1.070946, 0.508314, -0.608228, 0.329137, -0.996232, 0.103634, 1.094256, -0.768742, -0.651562, -0.550104, -0.912172, -0.842774, 0.265672, -1.277710]
Neuronio 17: bias=-0.379205 | pesos=[0.240215, -1.252264, -0.350877, 0.021920, 0.118054, -0.704419, -0.195991, 0.539141, 0.241604, -1.565567, -0.557445, -0.189255, -0.783300, -1.832541, -0.459937, -1.063695, 0.435794, -0.448630, -0.144963, -1.454325, -0.535439, 0.895599, -0.095022, 0.839328, -0.775643, -0.725133, 0.198578, -0.333076, -1.292019, -0.709269, 0.709108, -1.046008, -0.272945, -1.161111, -0.379900, 0.297229, 0.049051, 0.089082, 0.432393, 0.519451, -0.249678, 0.432214, 0.044628, 0.004476, -0.922575, -0.004810, 0.592819, 0.494859, -0.200801, 0.572730, -0.272689, 1.209841, 0.771743, -0.380818, 0.660095]
Neuronio 18: bias=-0.520263 | pesos=[-0.812794, -0.386754, -0.235329, -1.433267, -1.016385, 0.339451, -0.818796, -1.568214, -0.411234, -0.378673, 0.211107, -0.924055, -0.775087, 0.378928, 0.815614, -0.922181, -0.703123, -0.027253, 0.754400, -0.929396, 0.288907, 0.812350, -0.636666, -0.286531, -0.471643, 1.088679, -1.459237, -0.443164, 0.335187, -0.551658, 0.824194, 0.113548, -0.490168, 0.460193, -0.460659, -0.437551, -0.864822, 0.003028, 1.418153, 1.361675, 0.431351, 0.718922, -0.726257, -1.001809, -0.802809, -0.329193, -0.740703, 1.048656, -0.314318, -0.696416, -0.672310, 1.131672, 0.310060, 0.304344, -0.691801]
Neuronio 19: bias=-0.447082 | pesos=[-0.568541, -0.059838, -1.123860, 0.762835, -1.515671, 0.415899, 0.134131, -0.692342, -1.015308, 0.066463, 0.245159, 0.620703, -0.585597, -1.551280, 0.237086, 0.872501, -1.048909, -0.679492, -0.027159, 0.295622, -0.945277, -0.777137, -0.569225, 0.582390, 0.642274, -0.671916, -0.512216, -0.358002, -0.290813, -0.805215, -1.109462, 0.936934, 1.391828, 1.042509, 0.510245, -0.211322, -1.111992, -0.452745, -0.455798, -0.462907, 1.086093, 0.063410, -0.657257, -0.886527, -0.752225, 0.917796, -0.431047, -0.450547, 0.947369, 0.143617, -0.671476, 0.051659, -0.326429, 0.467190, -0.050706]
Neuronio 20: bias=-0.411693 | pesos=[-0.522626, -0.892216, 0.483648, -0.849998, -0.647305, -0.693681, 0.313112, 0.787202, 1.312449, 0.154615, 0.240642, -0.467738, -0.353926, -0.792959, -0.505942, -0.980308, -0.887495, -0.357682, 0.368051, 0.570581, 0.552819, 1.239035, -0.174533, 0.678519, -0.003295, -0.535628, -0.091352, -0.103007, -0.195293, -1.343579, -1.016450, -0.969484, -0.049950, 0.334786, 0.816860, -0.726364, -1.163892, 0.358803, -0.273625, 0.463699, -0.117496, -1.115318, 0.767800, 0.036417, -0.101352, -0.981178, 0.248859, -0.578982, -0.211273, -0.655749, -0.543980, -0.836978, 0.683665, -0.278954, -0.320515]
Neuronio 21: bias=-0.360751 | pesos=[0.703521, 0.163126, -0.848824, 0.580769, 0.149674, -0.213835, 0.357344, -1.248657, 0.218468, 0.460192, 0.306622, -0.807322, -0.262161, 0.192079, -1.575123, -0.073186, -0.050843, -0.402933, 0.753141, 0.110472, 1.097050, -1.399493, -0.277765, -0.971008, -1.049440, -0.989419, 0.542547, -0.850202, -1.068436, -1.010543, 0.245196, 0.162830, -0.917740, -0.555785, -0.688987, 0.022165, 0.430836, -0.184583, 0.294217, 0.718526, -1.202785, 0.480720, -1.307167, 1.026937, 0.074143, 0.759598, -0.919863, -0.971041, 0.319582, 0.107040, -0.530792, -0.093114, -0.570833, -1.829443, -1.110875]
Neuronio 22: bias=-0.280271 | pesos=[0.488265, -0.052727, -0.770289, -1.040339, 0.191199, 0.707650, -0.628836, -1.283943, 1.072288, -0.738012, -1.043071, -1.012738, 0.043352, -0.781775, 0.024793, 0.038539, -0.525685, -0.620140, 0.492333, 1.116985, 0.373567, -0.543205, -0.109041, -0.005321, 0.438720, -0.858438, -0.072049, 0.151720, -1.621104, 0.550265, -0.999728, -1.372920, -1.446173, -0.305946, -0.915992, -0.923202, 0.073306, -0.000492, 1.237806, 1.211481, -0.979535, -0.105548, -0.491734, -0.300110, 0.150752, -1.190017, -0.744638, -0.491438, -0.358374, 0.512935, -0.387495, -0.181218, 0.394259, 0.591617, -0.196007]
Neuronio 23: bias=-0.275186 | pesos=[-0.080649, -0.028576, 0.013972, -0.134487, -0.043922, -0.214687, -0.063043, -0.828266, -1.108735, 0.783661, -1.242515, -0.550776, -0.241436, -0.652237, 0.425529, -0.443833, 0.146073, 0.623732, -0.171989, -0.908860, 0.019480, 0.607365, -0.488563, -0.531490, -0.885964, 0.596509, -0.556146, -0.839665, 0.760466, 0.585290, 0.160850, 0.046625, -0.504974, -1.177878, -0.542633, 0.938124, -1.146071, 0.007983, -0.510402, -0.784722, 0.842918, -0.856807, 0.675788, -0.672005, -0.407177, 0.934353, -0.260702, -0.508634, 0.400895, 0.706252, -0.061110, -0.558830, -0.146030, -1.431181, 0.622404]
Neuronio 24: bias=-0.367667 | pesos=[-0.405940, -0.856932, 0.761941, -0.712042, 0.476903, -0.272554, 0.471002, -1.006372, -1.853650, -0.323698, -0.455846, -0.877957, -0.459786, -0.568870, -0.911668, -0.356449, -0.631468, -1.058439, 0.587666, 0.483856, -0.280859, 0.571607, -0.121091, -0.154098, 0.361880, 0.202283, -0.606856, 1.108583, 0.455872, 0.735192, 0.758906, 0.278885, 0.690553, -0.022036, -0.732241, -0.262520, -0.168680, -0.456892, -1.192898, -1.279027, 0.161639, -1.136911, -0.961132, -0.916682, -0.510189, -0.954395, 0.655244, -1.155806, -0.135863, -1.031506, -0.374018, 0.858284, 0.557179, 0.242953, 0.542968]
Neuronio 25: bias=-0.586093 | pesos=[-0.024654, -0.397503, 0.394917, -0.482217, -0.003201, 0.689304, -0.379154, 0.656559, -0.357498, -0.339719, -0.907347, -0.532112, -0.533265, -1.270567, -1.128656, 0.403494, -1.219976, -0.471677, -0.021589, 0.359761, 0.154956, -1.118610, -0.565818, 0.107729, 0.778133, -0.855794, -0.457143, 0.616286, 0.424896, 0.429943, -1.802090, 0.645031, 1.376722, 0.769032, 0.648843, -0.757621, 0.389033, -0.100356, 0.592219, -1.145490, -0.950449, -0.548521, 0.291951, 0.405449, -0.499861, -0.531836, -0.986256, -1.663736, -0.301141, 0.067622, -0.339069, 0.991093, -1.209561, -0.179202, -0.532871]
Neuronio 26: bias=-0.348897 | pesos=[-0.648624, 0.184790, 1.115130, 0.613125, 0.230447, -0.172872, 0.260405, 1.263207, -1.099174, -0.084161, 0.460999, -0.305126, -0.102798, 0.124225, -1.492091, -1.109872, 0.477433, 1.100812, -1.180175, -0.990994, -1.301583, 0.410106, -0.262557, -0.202050, 0.126874, -0.366555, -0.293567, 0.339853, 0.061229, 0.514242, -0.487625, 0.106811, -0.001753, 0.017937, -0.793464, -0.623743, -0.816553, -0.258238, -1.010903, 0.574967, -1.214854, 0.201654, -0.220432, 0.244527, 0.281784, -1.102685, -0.337620, -1.169450, -1.032445, -0.851565, -0.455535, 0.291554, -0.555292, 0.319300, 0.843239]
